NWalkers: 34
Orbitals: 'EmptyOrbital'
N orbitals: 2
Orbitals: 'EmptyOrbital'
N orbitals: 15
-15.62294 14.37706 -1
-12.82263 -12.82263 -1
-13.5252 -13.5252 -1
-11.46057 -11.46057 -1
-5.266407 -5.266407 -1
-8.999854 -8.999854 -1
-2.257314 -2.257314 -1
-4.090412 -4.090412 -1
0.2703083 0.2703083 -1
2.296486 2.296486 -1
4.497424 4.497424 -1
6.330321 6.330321 -1
7.620434 7.620434 -1
10.09737 10.09737 -1
12.11761 12.11761 -1

Orbitals: 'EmptyOrbital'
N orbitals: 15
-15.91069 14.08931 -1
-17.56363 12.43637 -1
-13.3561 -13.3561 -1
-10.36001 -10.36001 -1
-3.444088 -3.444088 -1
-9.34436 -9.34436 -1
-2.465084 -2.465084 -1
-6.93592 -6.93592 -1
-0.3375684 -0.3375684 -1
0.7487399 0.7487399 -1
2.313284 2.313284 -1
4.147891 4.147891 -1
6.416933 6.416933 -1
7.798157 7.798157 -1
11.03051 11.03051 -1

Orbitals: 'EmptyOrbital'
N orbitals: 2
Orbitals: 'EmptyOrbital'
N orbitals: 15
-17.43489 12.56511 -1
-14.31364 -14.31364 -1
-15.82074 14.17926 -1
-9.407299 -9.407299 -1
-5.321855 -5.321855 -1
-7.189859 -7.189859 -1
0.3169839 0.3169839 -1
-4.165469 -4.165469 -1
-2.901783 -2.901783 -1
1.080173 1.080173 -1
4.192858 4.192858 -1
4.726189 4.726189 -1
6.4492 6.4492 -1
8.100701 8.100701 -1
11.48371 11.48371 -1

Orbitals: 'EmptyOrbital'
N orbitals: 15
-14.76017 -14.76017 -1
-17.7322 12.2678 -1
-13.68895 -13.68895 -1
-11.56337 -11.56337 -1
-4.759497 -4.759497 -1
-9.039649 -9.039649 -1
-3.657654 -3.657654 -1
-7.877771 -7.877771 -1
-2.270912 -2.270912 -1
-0.2741221 -0.2741221 -1
0.8098234 0.8098234 -1
4.672521 4.672521 -1
6.983188 6.983188 -1
8.100013 8.100013 -1
10.85985 10.85985 -1

Orbitals: 'EmptyOrbital'
N orbitals: 2
Orbitals: 'EmptyOrbital'
N orbitals: 15
-15.66289 14.33711 -1
-12.65662 -12.65662 -1
-13.79144 -13.79144 -1
-8.150156 -8.150156 -1
-5.788236 -5.788236 -1
-6.968014 -6.968014 -1
-2.351704 -2.351704 -1
-3.320637 -3.320637 -1
0.3842969 0.3842969 -1
0.8972161 0.8972161 -1
3.861667 3.861667 -1
6.567484 6.567484 -1
8.070499 8.070499 -1
10.67346 10.67346 -1
12.17058 12.17058 -1

Orbitals: 'EmptyOrbital'
N orbitals: 15
-16.13209 13.86791 -1
-16.9497 13.0503 -1
-13.91913 -13.91913 -1
-10.18832 -10.18832 -1
-5.59095 -5.59095 -1
-9.294706 -9.294706 -1
-3.069296 -3.069296 -1
-6.725973 -6.725973 -1
-0.4715052 -0.4715052 -1
0.1328664 0.1328664 -1
2.009624 2.009624 -1
4.030108 4.030108 -1
6.976221 6.976221 -1
8.234292 8.234292 -1
10.66862 10.66862 -1

Orbitals: 'EmptyOrbital'
N orbitals: 2
Orbitals: 'EmptyOrbital'
N orbitals: 15
-16.41924 13.58076 -1
-12.60254 -12.60254 -1
-15.1609 14.8391 -1
-10.62546 -10.62546 -1
-4.784896 -4.784896 -1
-8.711138 -8.711138 -1
-2.122061 -2.122061 -1
-3.006772 -3.006772 -1
-0.4987803 -0.4987803 -1
2.333286 2.333286 -1
3.584548 3.584548 -1
6.78068 6.78068 -1
7.349958 7.349958 -1
8.67484 8.67484 -1
11.19796 11.19796 -1

Orbitals: 'EmptyOrbital'
N orbitals: 15
-15.72324 14.27676 -1
-17.94394 12.05606 -1
-13.77555 -13.77555 -1
-11.60238 -11.60238 -1
-5.183706 -5.183706 -1
-10.02991 -10.02991 -1
-2.262018 -2.262018 -1
-6.988448 -6.988448 -1
-1.552113 -1.552113 -1
-0.3354586 -0.3354586 -1
1.404211 1.404211 -1
3.374232 3.374232 -1
6.291922 6.291922 -1
7.902886 7.902886 -1
9.28135 9.28135 -1

Orbitals: 'EmptyOrbital'
N orbitals: 2
Orbitals: 'EmptyOrbital'
N orbitals: 15
-18.39593 11.60407 -1
-13.54707 -13.54707 -1
-15.76289 14.23711 -1
-11.2678 -11.2678 -1
-7.313295 -7.313295 -1
-9.624146 -9.624146 -1
-2.858232 -2.858232 -1
-4.273675 -4.273675 -1
-2.341251 -2.341251 -1
0.2097602 0.2097602 -1
2.758726 2.758726 -1
4.222243 4.222243 -1
7.45777 7.45777 -1
8.099856 8.099856 -1
10.49787 10.49787 -1

Orbitals: 'EmptyOrbital'
N orbitals: 15
-17.02202 12.97798 -1
-18.17922 11.82078 -1
-15.52516 14.47484 -1
-13.19963 -13.19963 -1
-7.687871 -7.687871 -1
-10.73442 -10.73442 -1
-3.529125 -3.529125 -1
-9.317723 -9.317723 -1
-1.670541 -1.670541 -1
-0.4463799 -0.4463799 -1
0.3626535 0.3626535 -1
4.011506 4.011506 -1
5.08883 5.08883 -1
6.586938 6.586938 -1
9.021935 9.021935 -1

Orbitals: 'EmptyOrbital'
N orbitals: 2
Orbitals: 'EmptyOrbital'
N orbitals: 15
-14.9262 -14.9262 -1
-10.64685 -10.64685 -1
-13.10219 -13.10219 -1
-10.13394 -10.13394 -1
-6.737535 -6.737535 -1
-8.687424 -8.687424 -1
-1.612667 -1.612667 -1
-4.038347 -4.038347 -1
0.6516461 0.6516461 -1
3.338537 3.338537 -1
4.081524 4.081524 -1
6.648524 6.648524 -1
7.319361 7.319361 -1
10.50965 10.50965 -1
11.30717 11.30717 -1

Orbitals: 'EmptyOrbital'
N orbitals: 15
-12.89535 -12.89535 -1
-18.69723 11.30277 -1
-11.59253 -11.59253 -1
-10.57899 -10.57899 -1
-4.930901 -4.930901 -1
-10.44584 -10.44584 -1
-3.665711 -3.665711 -1
-7.04121 -7.04121 -1
-1.158752 -1.158752 -1
1.531746 1.531746 -1
4.270647 4.270647 -1
5.979668 5.979668 -1
7.356076 7.356076 -1
8.901976 8.901976 -1
10.71758 10.71758 -1

Orbitals: 'EmptyOrbital'
N orbitals: 2
Orbitals: 'EmptyOrbital'
N orbitals: 15
-14.04912 -14.04912 -1
-10.91585 -10.91585 -1
-13.34345 -13.34345 -1
-8.85426 -8.85426 -1
-6.035098 -6.035098 -1
-7.343906 -7.343906 -1
-1.082506 -1.082506 -1
-3.068076 -3.068076 -1
-0.4014802 -0.4014802 -1
2.565382 2.565382 -1
4.26783 4.26783 -1
6.551553 6.551553 -1
8.357093 8.357093 -1
11.48982 11.48982 -1
13.04896 13.04896 -1

Orbitals: 'EmptyOrbital'
N orbitals: 15
-17.64339 12.35661 -1
-17.93884 12.06116 -1
-14.65329 -14.65329 -1
-11.75796 -11.75796 -1
-6.100187 -6.100187 -1
-10.13013 -10.13013 -1
-4.711437 -4.711437 -1
-8.30576 -8.30576 -1
-1.97448 -1.97448 -1
-0.1373377 -0.1373377 -1
2.202026 2.202026 -1
3.32127 3.32127 -1
6.49748 6.49748 -1
8.01586 8.01586 -1
8.889403 8.889403 -1

Orbitals: 'EmptyOrbital'
N orbitals: 2
Orbitals: 'EmptyOrbital'
N orbitals: 15
-16.84437 13.15563 -1
-12.61506 -12.61506 -1
-15.69149 14.30851 -1
-10.41956 -10.41956 -1
-6.190117 -6.190117 -1
-8.388638 -8.388638 -1
-3.626987 -3.626987 -1
-5.254763 -5.254763 -1
-0.8553264 -0.8553264 -1
0.9555541 0.9555541 -1
2.873538 2.873538 -1
5.151372 5.151372 -1
8.072447 8.072447 -1
9.525233 9.525233 -1
11.49308 11.49308 -1

Orbitals: 'EmptyOrbital'
N orbitals: 15
-16.04829 13.95171 -1
-17.70716 12.29284 -1
-14.99807 -14.99807 -1
-13.23409 -13.23409 -1
-6.963766 -6.963766 -1
-10.4713 -10.4713 -1
-4.421004 -4.421004 -1
-9.259367 -9.259367 -1
-1.99594 -1.99594 -1
-0.06438539 -0.06438539 -1
1.893128 1.893128 -1
4.083241 4.083241 -1
6.168699 6.168699 -1
7.556336 7.556336 -1
9.741527 9.741527 -1

Orbitals: 'EmptyOrbital'
N orbitals: 2
Orbitals: 'EmptyOrbital'
N orbitals: 15
-16.86369 13.13631 -1
-14.01134 -14.01134 -1
-15.24846 14.75154 -1
-12.48421 -12.48421 -1
-7.555976 -7.555976 -1
-10.27825 -10.27825 -1
-3.715895 -3.715895 -1
-5.61457 -5.61457 -1
-2.202996 -2.202996 -1
1.946081 1.946081 -1
3.793902 3.793902 -1
5.973839 5.973839 -1
6.875743 6.875743 -1
8.526331 8.526331 -1
10.73902 10.73902 -1

Orbitals: 'EmptyOrbital'
N orbitals: 15
-16.51 13.49 -1
-17.76196 12.23804 -1
-14.35402 -14.35402 -1
-9.940442 -9.940442 -1
-4.590829 -4.590829 -1
-9.137523 -9.137523 -1
-3.973689 -3.973689 -1
-7.487056 -7.487056 -1
-1.809657 -1.809657 -1
-0.4895755 -0.4895755 -1
1.579937 1.579937 -1
4.330291 4.330291 -1
6.026884 6.026884 -1
8.477335 8.477335 -1
11.42361 11.42361 -1

Orbitals: 'EmptyOrbital'
N orbitals: 2
Orbitals: 'EmptyOrbital'
N orbitals: 15
-18.08491 11.91509 -1
-12.32546 -12.32546 -1
-14.58832 -14.58832 -1
-10.50789 -10.50789 -1
-6.447955 -6.447955 -1
-8.631812 -8.631812 -1
-3.28802 -3.28802 -1
-4.57149 -4.57149 -1
-0.8883855 -0.8883855 -1
0.2659121 0.2659121 -1
2.756956 2.756956 -1
4.22191 4.22191 -1
6.402104 6.402104 -1
8.631408 8.631408 -1
10.73931 10.73931 -1

Orbitals: 'EmptyOrbital'
N orbitals: 15
-15.47392 14.52608 -1
-17.86566 12.13434 -1
-12.91722 -12.91722 -1
-12.25365 -12.25365 -1
-6.828236 -6.828236 -1
-9.656541 -9.656541 -1
-4.479378 -4.479378 -1
-8.415208 -8.415208 -1
-2.945694 -2.945694 -1
-1.641091 -1.641091 -1
-0.008651669 -0.008651669 -1
3.095462 3.095462 -1
6.824125 6.824125 -1
8.414124 8.414124 -1
10.02003 10.02003 -1

Orbitals: 'EmptyOrbital'
N orbitals: 2
Orbitals: 'EmptyOrbital'
N orbitals: 15
-17.13694 12.86306 -1
-13.12802 -13.12802 -1
-14.65879 -14.65879 -1
-11.17346 -11.17346 -1
-7.27853 -7.27853 -1
-9.175353 -9.175353 -1
-4.266534 -4.266534 -1
-5.432045 -5.432045 -1
-1.285579 -1.285579 -1
-0.07651578 -0.07651578 -1
1.879705 1.879705 -1
4.255946 4.255946 -1
8.184812 8.184812 -1
9.744254 9.744254 -1
10.57527 10.57527 -1

Orbitals: 'EmptyOrbital'
N orbitals: 15
-17.83765 12.16235 -1
-21.35781 8.642187 -1
-15.90665 14.09335 -1
-13.80894 -13.80894 -1
-9.659612 -9.659612 -1
-12.28105 -12.28105 -1
-8.677678 -8.677678 -1
-11.70124 -11.70124 -1
-4.582615 -4.582615 -1
-0.4887158 -0.4887158 -1
0.1036904 0.1036904 -1
2.815329 2.815329 -1
3.962538 3.962538 -1
5.592896 5.592896 -1
7.356251 7.356251 -1

Orbitals: 'EmptyOrbital'
N orbitals: 2
Orbitals: 'EmptyOrbital'
N orbitals: 15
-16.72455 13.27545 -1
-13.06424 -13.06424 -1
-14.72295 -14.72295 -1
-10.5636 -10.5636 -1
-6.75914 -6.75914 -1
-9.464917 -9.464917 -1
-3.393539 -3.393539 -1
-4.185588 -4.185588 -1
-2.256641 -2.256641 -1
0.3921575 0.3921575 -1
2.769723 2.769723 -1
4.339632 4.339632 -1
5.236427 5.236427 -1
7.685216 7.685216 -1
10.29968 10.29968 -1

Orbitals: 'EmptyOrbital'
N orbitals: 15
-16.92378 13.07622 -1
-19.1326 10.8674 -1
-14.73282 -14.73282 -1
-12.65715 -12.65715 -1
-5.169443 -5.169443 -1
-10.88319 -10.88319 -1
-4.185315 -4.185315 -1
-8.808322 -8.808322 -1
-2.168439 -2.168439 -1
0.3271744 0.3271744 -1
3.905875 3.905875 -1
4.498038 4.498038 -1
4.971241 4.971241 -1
6.774281 6.774281 -1
9.776449 9.776449 -1

Orbitals: 'EmptyOrbital'
N orbitals: 2
Orbitals: 'EmptyOrbital'
N orbitals: 15
-19.39199 10.60801 -1
-15.80669 14.19331 -1
-16.68981 13.31019 -1
-12.81178 -12.81178 -1
-9.335655 -9.335655 -1
-11.0398 -11.0398 -1
-4.820574 -4.820574 -1
-7.152726 -7.152726 -1
-3.432259 -3.432259 -1
-1.030552 -1.030552 -1
1.518519 1.518519 -1
2.396998 2.396998 -1
4.1681 4.1681 -1
5.264391 5.264391 -1
7.362243 7.362243 -1

Orbitals: 'EmptyOrbital'
N orbitals: 15
-16.10132 13.89868 -1
-18.05837 11.94163 -1
-15.08613 14.91387 -1
-13.14849 -13.14849 -1
-7.063385 -7.063385 -1
-9.921884 -9.921884 -1
-3.168335 -3.168335 -1
-8.04374 -8.04374 -1
-2.367165 -2.367165 -1
-0.4836619 -0.4836619 -1
2.131652 2.131652 -1
4.912234 4.912234 -1
6.591786 6.591786 -1
7.710011 7.710011 -1
8.91407 8.91407 -1

Orbitals: 'EmptyOrbital'
N orbitals: 2
Orbitals: 'EmptyOrbital'
N orbitals: 15
-17.88818 12.11182 -1
-13.78675 -13.78675 -1
-15.56334 14.43666 -1
-11.46559 -11.46559 -1
-7.206325 -7.206325 -1
-9.954195 -9.954195 -1
-4.323362 -4.323362 -1
-6.192108 -6.192108 -1
-1.251076 -1.251076 -1
-0.782919 -0.782919 -1
3.62951 3.62951 -1
5.953337 5.953337 -1
6.759031 6.759031 -1
8.597631 8.597631 -1
10.77024 10.77024 -1

Orbitals: 'EmptyOrbital'
N orbitals: 15
-16.71144 13.28856 -1
-17.46946 12.53054 -1
-15.15755 14.84245 -1
-11.80538 -11.80538 -1
-6.518545 -6.518545 -1
-10.03781 -10.03781 -1
-4.737166 -4.737166 -1
-7.606882 -7.606882 -1
-2.346373 -2.346373 -1
0.5627322 0.5627322 -1
1.692195 1.692195 -1
4.04201 4.04201 -1
4.780072 4.780072 -1
7.275416 7.275416 -1
9.509778 9.509778 -1

Orbitals: 'EmptyOrbital'
N orbitals: 2
Orbitals: 'EmptyOrbital'
N orbitals: 15
-17.91578 12.08422 -1
-14.10772 -14.10772 -1
-16.09354 13.90646 -1
-12.75534 -12.75534 -1
-8.033279 -8.033279 -1
-10.304 -10.304 -1
-5.027473 -5.027473 -1
-6.702255 -6.702255 -1
-4.389004 -4.389004 -1
-1.846638 -1.846638 -1
1.306345 1.306345 -1
2.683152 2.683152 -1
4.080589 4.080589 -1
7.563431 7.563431 -1
9.746023 9.746023 -1

Orbitals: 'EmptyOrbital'
N orbitals: 15
-15.61077 14.38923 -1
-16.54702 13.45298 -1
-12.72353 -12.72353 -1
-12.0974 -12.0974 -1
-6.288164 -6.288164 -1
-8.615084 -8.615084 -1
-3.84053 -3.84053 -1
-7.017698 -7.017698 -1
-2.01292 -2.01292 -1
0.2592561 0.2592561 -1
1.990652 1.990652 -1
4.161654 4.161654 -1
6.769727 6.769727 -1
7.624061 7.624061 -1
11.97318 11.97318 -1

Orbitals: 'EmptyOrbital'
N orbitals: 2
Orbitals: 'EmptyOrbital'
N orbitals: 15
-16.82737 13.17263 -1
-14.07485 -14.07485 -1
-15.17377 14.82623 -1
-12.77903 -12.77903 -1
-8.605025 -8.605025 -1
-11.73309 -11.73309 -1
-4.70798 -4.70798 -1
-6.752065 -6.752065 -1
-3.395635 -3.395635 -1
-0.5027037 -0.5027037 -1
0.7155673 0.7155673 -1
4.22325 4.22325 -1
5.387839 5.387839 -1
8.238349 8.238349 -1
11.38277 11.38277 -1

Orbitals: 'EmptyOrbital'
N orbitals: 15
-17.49101 12.50899 -1
-19.66809 10.33191 -1
-16.01657 13.98343 -1
-13.11397 -13.11397 -1
-8.032766 -8.032766 -1
-11.40118 -11.40118 -1
-4.859785 -4.859785 -1
-9.695877 -9.695877 -1
-1.790133 -1.790133 -1
0.1553892 0.1553892 -1
1.503056 1.503056 -1
2.923801 2.923801 -1
5.535481 5.535481 -1
7.591961 7.591961 -1
8.96788 8.96788 -1

Orbitals: 'EmptyOrbital'
N orbitals: 2
Orbitals: 'EmptyOrbital'
N orbitals: 15
-17.53403 12.46597 -1
-12.98959 -12.98959 -1
-14.83231 -14.83231 -1
-12.29294 -12.29294 -1
-9.255224 -9.255224 -1
-11.36083 -11.36083 -1
-4.127548 -4.127548 -1
-5.230615 -5.230615 -1
-1.441411 -1.441411 -1
0.6411444 0.6411444 -1
1.184432 1.184432 -1
2.612478 2.612478 -1
4.425994 4.425994 -1
8.364471 8.364471 -1
9.260364 9.260364 -1

Orbitals: 'EmptyOrbital'
N orbitals: 15
-17.37912 12.62088 -1
-19.68223 10.31777 -1
-14.78457 -14.78457 -1
-12.27974 -12.27974 -1
-7.339147 -7.339147 -1
-9.910684 -9.910684 -1
-5.839862 -5.839862 -1
-9.279632 -9.279632 -1
-4.342442 -4.342442 -1
0.1078871 0.1078871 -1
0.8963122 0.8963122 -1
3.686494 3.686494 -1
4.615765 4.615765 -1
6.964175 6.964175 -1
8.886179 8.886179 -1

Orbitals: 'EmptyOrbital'
N orbitals: 2
Orbitals: 'EmptyOrbital'
N orbitals: 15
-17.34368 12.65632 -1
-12.53425 -12.53425 -1
-16.40608 13.59392 -1
-12.12324 -12.12324 -1
-7.733867 -7.733867 -1
-9.666525 -9.666525 -1
-5.186675 -5.186675 -1
-6.06494 -6.06494 -1
-2.033152 -2.033152 -1
-1.059726 -1.059726 -1
1.591891 1.591891 -1
2.947968 2.947968 -1
5.638651 5.638651 -1
7.964445 7.964445 -1
10.35157 10.35157 -1

Orbitals: 'EmptyOrbital'
N orbitals: 15
-17.49514 12.50486 -1
-17.95989 12.04011 -1
-15.15188 14.84812 -1
-12.4425 -12.4425 -1
-6.885998 -6.885998 -1
-10.96536 -10.96536 -1
-5.141317 -5.141317 -1
-7.634625 -7.634625 -1
-3.944071 -3.944071 -1
-1.545067 -1.545067 -1
0.8889046 0.8889046 -1
4.191379 4.191379 -1
5.510914 5.510914 -1
7.125257 7.125257 -1
9.951815 9.951815 -1

Orbitals: 'EmptyOrbital'
N orbitals: 2
Orbitals: 'EmptyOrbital'
N orbitals: 15
-16.68901 13.31099 -1
-13.62688 -13.62688 -1
-14.83726 -14.83726 -1
-11.88803 -11.88803 -1
-7.524243 -7.524243 -1
-9.241047 -9.241047 -1
-4.092518 -4.092518 -1
-6.313486 -6.313486 -1
-1.052679 -1.052679 -1
0.4577626 0.4577626 -1
0.8173226 0.8173226 -1
4.755291 4.755291 -1
7.036181 7.036181 -1
8.51302 8.51302 -1
12.76074 12.76074 -1

Orbitals: 'EmptyOrbital'
N orbitals: 15
-15.18205 14.81795 -1
-17.16951 12.83049 -1
-13.49464 -13.49464 -1
-12.60124 -12.60124 -1
-5.7121 -5.7121 -1
-8.574168 -8.574168 -1
-2.6035 -2.6035 -1
-6.85802 -6.85802 -1
-1.053515 -1.053515 -1
1.091453 1.091453 -1
3.743984 3.743984 -1
5.257946 5.257946 -1
6.51311 6.51311 -1
8.067726 8.067726 -1
11.20034 11.20034 -1

Orbitals: 'EmptyOrbital'
N orbitals: 2
Orbitals: 'EmptyOrbital'
N orbitals: 15
-18.63607 11.36393 -1
-12.87808 -12.87808 -1
-14.95252 -14.95252 -1
-11.65321 -11.65321 -1
-5.88931 -5.88931 -1
-9.828529 -9.828529 -1
-1.718744 -1.718744 -1
-4.808897 -4.808897 -1
0.0410569 0.0410569 -1
1.538095 1.538095 -1
3.085111 3.085111 -1
3.578629 3.578629 -1
5.80555 5.80555 -1
8.231611 8.231611 -1
9.979526 9.979526 -1

Orbitals: 'EmptyOrbital'
N orbitals: 15
-14.71477 -14.71477 -1
-16.69493 13.30507 -1
-14.08483 -14.08483 -1
-11.57697 -11.57697 -1
-6.478041 -6.478041 -1
-10.26233 -10.26233 -1
-3.843612 -3.843612 -1
-8.282077 -8.282077 -1
-2.573885 -2.573885 -1
-0.609913 -0.609913 -1
1.292757 1.292757 -1
5.543058 5.543058 -1
6.74714 6.74714 -1
8.445286 8.445286 -1
10.60614 10.60614 -1

Orbitals: 'EmptyOrbital'
N orbitals: 2
Orbitals: 'EmptyOrbital'
N orbitals: 15
-18.7251 11.2749 -1
-14.86144 -14.86144 -1
-17.71966 12.28034 -1
-12.37299 -12.37299 -1
-9.074005 -9.074005 -1
-11.82662 -11.82662 -1
-6.323106 -6.323106 -1
-8.157767 -8.157767 -1
-3.754078 -3.754078 -1
-1.443653 -1.443653 -1
0.7542717 0.7542717 -1
3.452488 3.452488 -1
4.87411 4.87411 -1
8.364619 8.364619 -1
10.1921 10.1921 -1

Orbitals: 'EmptyOrbital'
N orbitals: 15
-14.94205 -14.94205 -1
-18.13598 11.86402 -1
-14.03055 -14.03055 -1
-12.15307 -12.15307 -1
-6.787318 -6.787318 -1
-11.50331 -11.50331 -1
-4.67627 -4.67627 -1
-9.345218 -9.345218 -1
-2.216957 -2.216957 -1
-0.009037002 -0.009037002 -1
3.052117 3.052117 -1
5.049911 5.049911 -1
5.998431 5.998431 -1
7.916101 7.916101 -1
9.11666 9.11666 -1

Orbitals: 'EmptyOrbital'
N orbitals: 2
Orbitals: 'EmptyOrbital'
N orbitals: 15
-15.62883 14.37117 -1
-11.81083 -11.81083 -1
-14.50722 -14.50722 -1
-8.847262 -8.847262 -1
-6.44602 -6.44602 -1
-7.385808 -7.385808 -1
-3.284743 -3.284743 -1
-4.119912 -4.119912 -1
-1.044825 -1.044825 -1
1.314163 1.314163 -1
4.524849 4.524849 -1
4.844887 4.844887 -1
7.328536 7.328536 -1
9.20571 9.20571 -1
12.26444 12.26444 -1

Orbitals: 'EmptyOrbital'
N orbitals: 15
-15.68998 14.31002 -1
-17.48729 12.51271 -1
-13.7041 -13.7041 -1
-12.12942 -12.12942 -1
-6.346876 -6.346876 -1
-10.19325 -10.19325 -1
-3.942614 -3.942614 -1
-8.365773 -8.365773 -1
-2.709858 -2.709858 -1
0.9228999 0.9228999 -1
1.410472 1.410472 -1
4.904545 4.904545 -1
5.363844 5.363844 -1
8.129666 8.129666 -1
10.66786 10.66786 -1

Orbitals: 'EmptyOrbital'
N orbitals: 2
Orbitals: 'EmptyOrbital'
N orbitals: 15
-16.71225 13.28775 -1
-13.5192 -13.5192 -1
-15.54441 14.45559 -1
-11.38716 -11.38716 -1
-6.808232 -6.808232 -1
-10.18326 -10.18326 -1
-2.888888 -2.888888 -1
-4.667736 -4.667736 -1
-1.1279 -1.1279 -1
2.2307 2.2307 -1
2.941859 2.941859 -1
5.048812 5.048812 -1
8.591094 8.591094 -1
9.745735 9.745735 -1
11.1911 11.1911 -1

Orbitals: 'EmptyOrbital'
N orbitals: 15
-14.45117 -14.45117 -1
-17.07667 12.92333 -1
-12.70384 -12.70384 -1
-11.20337 -11.20337 -1
-5.941821 -5.941821 -1
-9.187397 -9.187397 -1
-3.679421 -3.679421 -1
-6.830089 -6.830089 -1
-1.256182 -1.256182 -1
0.06023061 0.06023061 -1
1.409896 1.409896 -1
3.816655 3.816655 -1
5.679666 5.679666 -1
8.149043 8.149043 -1
10.70679 10.70679 -1

Orbitals: 'EmptyOrbital'
N orbitals: 2
Orbitals: 'EmptyOrbital'
N orbitals: 15
-16.97619 13.02381 -1
-11.84663 -11.84663 -1
-13.45264 -13.45264 -1
-9.728754 -9.728754 -1
-6.793822 -6.793822 -1
-8.057191 -8.057191 -1
-3.333429 -3.333429 -1
-5.339604 -5.339604 -1
-0.2986514 -0.2986514 -1
2.928826 2.928826 -1
5.020432 5.020432 -1
5.998734 5.998734 -1
8.884355 8.884355 -1
10.7495 10.7495 -1
10.9124 10.9124 -1

Orbitals: 'EmptyOrbital'
N orbitals: 15
-15.79725 14.20275 -1
-16.88275 13.11725 -1
-13.93072 -13.93072 -1
-11.733 -11.733 -1
-6.987285 -6.987285 -1
-10.65923 -10.65923 -1
-4.829774 -4.829774 -1
-9.433038 -9.433038 -1
-3.216973 -3.216973 -1
-0.2247052 -0.2247052 -1
1.607093 1.607093 -1
3.037034 3.037034 -1
4.740365 4.740365 -1
7.569989 7.569989 -1
11.47094 11.47094 -1

Orbitals: 'EmptyOrbital'
N orbitals: 2
Orbitals: 'EmptyOrbital'
N orbitals: 15
-15.07496 14.92504 -1
-10.85744 -10.85744 -1
-14.27294 -14.27294 -1
-9.389508 -9.389508 -1
-5.820681 -5.820681 -1
-8.034666 -8.034666 -1
-1.550255 -1.550255 -1
-4.12345 -4.12345 -1
0.6679023 0.6679023 -1
1.735727 1.735727 -1
3.371341 3.371341 -1
7.053197 7.053197 -1
7.889936 7.889936 -1
10.30551 10.30551 -1
11.44337 11.44337 -1

Orbitals: 'EmptyOrbital'
N orbitals: 15
-18.15333 11.84667 -1
-18.80476 11.19524 -1
-16.07103 13.92897 -1
-12.28393 -12.28393 -1
-5.976428 -5.976428 -1
-11.0028 -11.0028 -1
-3.843316 -3.843316 -1
-9.60192 -9.60192 -1
-2.804419 -2.804419 -1
-1.292647 -1.292647 -1
1.108281 1.108281 -1
2.877325 2.877325 -1
4.436768 4.436768 -1
7.01243 7.01243 -1
8.630487 8.630487 -1

Orbitals: 'EmptyOrbital'
N orbitals: 2
Orbitals: 'EmptyOrbital'
N orbitals: 15
-17.29119 12.70881 -1
-13.32053 -13.32053 -1
-14.43535 -14.43535 -1
-11.65526 -11.65526 -1
-6.188417 -6.188417 -1
-7.833766 -7.833766 -1
-0.1285564 -0.1285564 -1
-5.093314 -5.093314 -1
-2.403048 -2.403048 -1
2.421328 2.421328 -1
3.324909 3.324909 -1
5.310081 5.310081 -1
7.320323 7.320323 -1
8.768112 8.768112 -1
10.89099 10.89099 -1

Orbitals: 'EmptyOrbital'
N orbitals: 15
-15.88613 14.11387 -1
-19.20669 10.79331 -1
-12.49753 -12.49753 -1
-10.37619 -10.37619 -1
-5.26585 -5.26585 -1
-9.288307 -9.288307 -1
-3.600187 -3.600187 -1
-6.521323 -6.521323 -1
-0.5173229 -0.5173229 -1
0.6551172 0.6551172 -1
2.255626 2.255626 -1
4.30052 4.30052 -1
6.534864 6.534864 -1
7.820651 7.820651 -1
9.740771 9.740771 -1

Orbitals: 'EmptyOrbital'
N orbitals: 2
Orbitals: 'EmptyOrbital'
N orbitals: 15
-15.05757 14.94243 -1
-11.19246 -11.19246 -1
-13.10252 -13.10252 -1
-9.122203 -9.122203 -1
-5.967494 -5.967494 -1
-7.517314 -7.517314 -1
-1.89514 -1.89514 -1
-2.861003 -2.861003 -1
-0.06742473 -0.06742473 -1
2.299372 2.299372 -1
5.049378 5.049378 -1
6.544218 6.544218 -1
8.57674 8.57674 -1
9.982122 9.982122 -1
13.7477 13.7477 -1

Orbitals: 'EmptyOrbital'
N orbitals: 15
-15.5863 14.4137 -1
-17.88741 12.11259 -1
-12.72683 -12.72683 -1
-12.22693 -12.22693 -1
-6.765507 -6.765507 -1
-8.786383 -8.786383 -1
-4.005522 -4.005522 -1
-8.106516 -8.106516 -1
-3.247994 -3.247994 -1
0.1128845 0.1128845 -1
1.454256 1.454256 -1
4.22076 4.22076 -1
4.52596 4.52596 -1
7.697852 7.697852 -1
10.00551 10.00551 -1

Orbitals: 'EmptyOrbital'
N orbitals: 2
Orbitals: 'EmptyOrbital'
N orbitals: 15
-15.5018 14.4982 -1
-13.31036 -13.31036 -1
-14.74184 -14.74184 -1
-10.06076 -10.06076 -1
-5.677109 -5.677109 -1
-6.515322 -6.515322 -1
-1.936821 -1.936821 -1
-3.206219 -3.206219 -1
0.004508884 0.004508884 -1
1.00688 1.00688 -1
3.215565 3.215565 -1
5.502348 5.502348 -1
7.663537 7.663537 -1
8.676983 8.676983 -1
10.88096 10.88096 -1

Orbitals: 'EmptyOrbital'
N orbitals: 15
-15.45142 14.54858 -1
-17.4118 12.5882 -1
-13.86325 -13.86325 -1
-11.62449 -11.62449 -1
-4.525416 -4.525416 -1
-10.64548 -10.64548 -1
-3.159603 -3.159603 -1
-8.468943 -8.468943 -1
-2.618106 -2.618106 -1
-0.09819496 -0.09819496 -1
1.309864 1.309864 -1
3.270277 3.270277 -1
6.076777 6.076777 -1
9.206853 9.206853 -1
11.12957 11.12957 -1

Orbitals: 'EmptyOrbital'
N orbitals: 2
Orbitals: 'EmptyOrbital'
N orbitals: 15
-15.87302 14.12698 -1
-12.67485 -12.67485 -1
-14.36349 -14.36349 -1
-10.83524 -10.83524 -1
-7.752948 -7.752948 -1
-10.31341 -10.31341 -1
-3.390398 -3.390398 -1
-4.971871 -4.971871 -1
-0.9534994 -0.9534994 -1
0.08255878 0.08255878 -1
1.016726 1.016726 -1
4.614913 4.614913 -1
7.062575 7.062575 -1
7.739189 7.739189 -1
10.90101 10.90101 -1

Orbitals: 'EmptyOrbital'
N orbitals: 15
-16.92228 13.07772 -1
-19.41132 10.58868 -1
-14.81862 -14.81862 -1
-12.579 -12.579 -1
-6.209612 -6.209612 -1
-11.07467 -11.07467 -1
-3.34468 -3.34468 -1
-9.49107 -9.49107 -1
-2.481497 -2.481497 -1
1.284013 1.284013 -1
1.781809 1.781809 -1
3.734653 3.734653 -1
5.853379 5.853379 -1
7.659647 7.659647 -1
8.72675 8.72675 -1

Orbitals: 'EmptyOrbital'
N orbitals: 2
Orbitals: 'EmptyOrbital'
N orbitals: 15
-14.19434 -14.19434 -1
-11.19382 -11.19382 -1
-12.59284 -12.59284 -1
-9.773595 -9.773595 -1
-5.969183 -5.969183 -1
-8.900295 -8.900295 -1
-3.400037 -3.400037 -1
-4.585164 -4.585164 -1
0.3313003 0.3313003 -1
1.636489 1.636489 -1
3.187656 3.187656 -1
5.696988 5.696988 -1
7.008508 7.008508 -1
8.825448 8.825448 -1
12.61101 12.61101 -1

Orbitals: 'EmptyOrbital'
N orbitals: 15
-16.4892 13.5108 -1
-17.38708 12.61292 -1
-13.31731 -13.31731 -1
-11.27752 -11.27752 -1
-5.813409 -5.813409 -1
-8.89691 -8.89691 -1
-2.003077 -2.003077 -1
-7.590506 -7.590506 -1
-0.7001321 -0.7001321 -1
0.3430112 0.3430112 -1
2.677535 2.677535 -1
4.163511 4.163511 -1
6.346801 6.346801 -1
10.15156 10.15156 -1
12.12511 12.12511 -1

Orbitals: 'EmptyOrbital'
N orbitals: 2
Orbitals: 'EmptyOrbital'
N orbitals: 15
-15.56694 14.43306 -1
-10.46854 -10.46854 -1
-13.18751 -13.18751 -1
-8.962632 -8.962632 -1
-5.964576 -5.964576 -1
-7.504161 -7.504161 -1
-0.8348415 -0.8348415 -1
-4.079744 -4.079744 -1
0.6715211 0.6715211 -1
2.406805 2.406805 -1
5.391502 5.391502 -1
6.542497 6.542497 -1
8.934988 8.934988 -1
11.57003 11.57003 -1
12.94659 12.94659 -1

Orbitals: 'EmptyOrbital'
N orbitals: 15
-15.84809 14.15191 -1
-17.22595 12.77405 -1
-13.55873 -13.55873 -1
-11.05555 -11.05555 -1
-6.225185 -6.225185 -1
-9.712911 -9.712911 -1
-4.286119 -4.286119 -1
-8.453156 -8.453156 -1
-1.297039 -1.297039 -1
-0.3463815 -0.3463815 -1
1.139538 1.139538 -1
4.094575 4.094575 -1
5.803259 5.803259 -1
8.546556 8.546556 -1
8.99365 8.99365 -1

Orbitals: 'EmptyOrbital'
N orbitals: 2
Orbitals: 'EmptyOrbital'
N orbitals: 15
-16.40146 13.59854 -1
-13.8019 -13.8019 -1
-15.13218 14.86782 -1
-12.00558 -12.00558 -1
-6.407838 -6.407838 -1
-8.817165 -8.817165 -1
-2.753087 -2.753087 -1
-4.527478 -4.527478 -1
-1.57204 -1.57204 -1
-0.2351075 -0.2351075 -1
3.696972 3.696972 -1
5.776689 5.776689 -1
8.096707 8.096707 -1
9.621359 9.621359 -1
12.06752 12.06752 -1

Orbitals: 'EmptyOrbital'
N orbitals: 15
-14.76777 -14.76777 -1
-17.9853 12.0147 -1
-14.08162 -14.08162 -1
-11.34304 -11.34304 -1
-5.904993 -5.904993 -1
-9.506226 -9.506226 -1
-4.393174 -4.393174 -1
-8.59726 -8.59726 -1
-1.980805 -1.980805 -1
-0.4373952 -0.4373952 -1
1.605802 1.605802 -1
3.506531 3.506531 -1
4.60813 4.60813 -1
7.657996 7.657996 -1
10.16388 10.16388 -1

Orbitals: 'EmptyOrbital'
N orbitals: 2
Orbitals: 'EmptyOrbital'
N orbitals: 15
-17.15546 12.84454 -1
-13.65866 -13.65866 -1
-14.37381 -14.37381 -1
-11.50979 -11.50979 -1
-8.179135 -8.179135 -1
-10.03332 -10.03332 -1
-4.087972 -4.087972 -1
-5.554108 -5.554108 -1
-1.541499 -1.541499 -1
0.728971 0.728971 -1
5.38838 5.38838 -1
6.41171 6.41171 -1
7.913531 7.913531 -1
10.17271 10.17271 -1
11.60206 11.60206 -1

Orbitals: 'EmptyOrbital'
N orbitals: 15
-16.10293 13.89707 -1
-17.84034 12.15966 -1
-13.99625 -13.99625 -1
-12.86896 -12.86896 -1
-5.714919 -5.714919 -1
-10.35133 -10.35133 -1
-4.933084 -4.933084 -1
-8.250039 -8.250039 -1
-1.638275 -1.638275 -1
0.7719781 0.7719781 -1
1.723653 1.723653 -1
5.267966 5.267966 -1
5.934259 5.934259 -1
7.633431 7.633431 -1
10.7558 10.7558 -1

Orbitals: 'EmptyOrbital'
N orbitals: 2
Orbitals: 'EmptyOrbital'
N orbitals: 15
-17.67235 12.32765 -1
-13.701 -13.701 -1
-15.74644 14.25356 -1
-12.39282 -12.39282 -1
-7.657704 -7.657704 -1
-9.631183 -9.631183 -1
-2.864256 -2.864256 -1
-4.936347 -4.936347 -1
-1.319903 -1.319903 -1
-0.304324 -0.304324 -1
1.846749 1.846749 -1
4.165292 4.165292 -1
7.759985 7.759985 -1
9.582692 9.582692 -1
9.991435 9.991435 -1

Orbitals: 'EmptyOrbital'
N orbitals: 15
-16.24779 13.75221 -1
-16.89568 13.10432 -1
-13.53832 -13.53832 -1
-12.92521 -12.92521 -1
-6.341659 -6.341659 -1
-10.74892 -10.74892 -1
-3.285942 -3.285942 -1
-7.395714 -7.395714 -1
-2.295214 -2.295214 -1
-0.2578831 -0.2578831 -1
1.633574 1.633574 -1
3.209808 3.209808 -1
5.682541 5.682541 -1
9.245629 9.245629 -1
9.864498 9.864498 -1

NWalkers: 33
Orbitals: 'EmptyOrbital'
N orbitals: 2
Orbitals: 'EmptyOrbital'
N orbitals: 15
-17.38924 12.61076 -1
-13.77375 -13.77375 -1
-14.75435 -14.75435 -1
-9.69008 -9.69008 -1
-6.564126 -6.564126 -1
-8.927439 -8.927439 -1
-2.349739 -2.349739 -1
-4.876285 -4.876285 -1
-0.4075314 -0.4075314 -1
1.045111 1.045111 -1
3.605648 3.605648 -1
5.836011 5.836011 -1
6.410211 6.410211 -1
9.329472 9.329472 -1
11.55615 11.55615 -1

Orbitals: 'EmptyOrbital'
N orbitals: 15
-15.90395 14.09605 -1
-18.85791 11.14209 -1
-14.72192 -14.72192 -1
-12.22104 -12.22104 -1
-5.564573 -5.564573 -1
-10.15219 -10.15219 -1
-4.848503 -4.848503 -1
-7.544779 -7.544779 -1
-1.798188 -1.798188 -1
0.1049226 0.1049226 -1
2.662317 2.662317 -1
4.288989 4.288989 -1
7.150879 7.150879 -1
8.701919 8.701919 -1
9.428269 9.428269 -1

Orbitals: 'EmptyOrbital'
N orbitals: 2
Orbitals: 'EmptyOrbital'
N orbitals: 15
-17.03951 12.96049 -1
-14.0474 -14.0474 -1
-14.6773 -14.6773 -1
-11.60823 -11.60823 -1
-7.580635 -7.580635 -1
-9.671214 -9.671214 -1
-2.362072 -2.362072 -1
-5.776134 -5.776134 -1
-0.6606908 -0.6606908 -1
0.8124914 0.8124914 -1
3.095845 3.095845 -1
3.948763 3.948763 -1
5.302508 5.302508 -1
10.02208 10.02208 -1
10.92343 10.92343 -1

Orbitals: 'EmptyOrbital'
N orbitals: 15
-17.88639 12.11361 -1
-18.65107 11.34893 -1
-15.00005 14.99995 -1
-11.8716 -11.8716 -1
-7.018093 -7.018093 -1
-9.886025 -9.886025 -1
-5.765319 -5.765319 -1
-8.760422 -8.760422 -1
-1.936627 -1.936627 -1
-1.103623 -1.103623 -1
1.542221 1.542221 -1
2.66797 2.66797 -1
5.017775 5.017775 -1
6.67728 6.67728 -1
9.796707 9.796707 -1

Orbitals: 'EmptyOrbital'
N orbitals: 2
Orbitals: 'EmptyOrbital'
N orbitals: 15
-17.83287 12.16713 -1
-14.8884 -14.8884 -1
-15.84407 14.15593 -1
-12.25397 -12.25397 -1
-8.155113 -8.155113 -1
-10.91933 -10.91933 -1
-3.553788 -3.553788 -1
-5.725241 -5.725241 -1
-2.09899 -2.09899 -1
0.3546037 0.3546037 -1
1.804491 1.804491 -1
4.095849 4.095849 -1
5.702048 5.702048 -1
7.666723 7.666723 -1
8.944112 8.944112 -1

Orbitals: 'EmptyOrbital'
N orbitals: 15
-17.07607 12.92393 -1
-19.02468 10.97532 -1
-15.34446 14.65554 -1
-13.69468 -13.69468 -1
-5.554192 -5.554192 -1
-9.404591 -9.404591 -1
-3.850584 -3.850584 -1
-8.038198 -8.038198 -1
-2.311827 -2.311827 -1
-0.006987908 -0.006987908 -1
1.269011 1.269011 -1
2.034014 2.034014 -1
5.096222 5.096222 -1
6.352244 6.352244 -1
8.865632 8.865632 -1

Orbitals: 'EmptyOrbital'
N orbitals: 2
Orbitals: 'EmptyOrbital'
N orbitals: 15
-17.56581 12.43419 -1
-13.32474 -13.32474 -1
-16.33634 13.66366 -1
-12.61579 -12.61579 -1
-8.721708 -8.721708 -1
-10.12037 -10.12037 -1
-4.372325 -4.372325 -1
-6.324286 -6.324286 -1
-1.708254 -1.708254 -1
0.4761332 0.4761332 -1
1.137126 1.137126 -1
3.761441 3.761441 -1
5.705742 5.705742 -1
7.529577 7.529577 -1
10.34941 10.34941 -1

Orbitals: 'EmptyOrbital'
N orbitals: 15
-16.32832 13.67168 -1
-19.32104 10.67896 -1
-14.56892 -14.56892 -1
-13.74069 -13.74069 -1
-4.538036 -4.538036 -1
-10.27956 -10.27956 -1
-3.882055 -3.882055 -1
-7.633328 -7.633328 -1
-2.637273 -2.637273 -1
-0.9880764 -0.9880764 -1
0.895546 0.895546 -1
4.239834 4.239834 -1
5.897401 5.897401 -1
7.274523 7.274523 -1
9.460739 9.460739 -1

Orbitals: 'EmptyOrbital'
N orbitals: 2
Orbitals: 'EmptyOrbital'
N orbitals: 15
-17.44635 12.55365 -1
-11.85037 -11.85037 -1
-14.099 -14.099 -1
-10.49921 -10.49921 -1
-7.265927 -7.265927 -1
-8.23814 -8.23814 -1
-2.113205 -2.113205 -1
-5.370379 -5.370379 -1
-1.245052 -1.245052 -1
1.259427 1.259427 -1
2.161922 2.161922 -1
5.751398 5.751398 -1
6.607434 6.607434 -1
8.230662 8.230662 -1
9.075516 9.075516 -1

Orbitals: 'EmptyOrbital'
N orbitals: 15
-17.25491 12.74509 -1
-18.09124 11.90876 -1
-14.76571 -14.76571 -1
-12.55996 -12.55996 -1
-5.34973 -5.34973 -1
-8.795151 -8.795151 -1
-4.643154 -4.643154 -1
-7.885423 -7.885423 -1
-2.176363 -2.176363 -1
-1.269183 -1.269183 -1
2.826828 2.826828 -1
5.075278 5.075278 -1
6.912265 6.912265 -1
7.762042 7.762042 -1
9.469646 9.469646 -1

Orbitals: 'EmptyOrbital'
N orbitals: 2
Orbitals: 'EmptyOrbital'
N orbitals: 15
-17.0122 12.9878 -1
-11.66781 -11.66781 -1
-14.95956 -14.95956 -1
-9.760281 -9.760281 -1
-6.090664 -6.090664 -1
-7.233867 -7.233867 -1
-2.338708 -2.338708 -1
-4.00433 -4.00433 -1
-0.8691968 -0.8691968 -1
2.023499 2.023499 -1
3.670161 3.670161 -1
4.771711 4.771711 -1
7.010666 7.010666 -1
8.783282 8.783282 -1
10.88419 10.88419 -1

Orbitals: 'EmptyOrbital'
N orbitals: 15
-15.71272 14.28728 -1
-17.15578 12.84422 -1
-13.89658 -13.89658 -1
-11.8642 -11.8642 -1
-5.532182 -5.532182 -1
-10.47476 -10.47476 -1
-3.391674 -3.391674 -1
-8.043718 -8.043718 -1
-2.16273 -2.16273 -1
-0.3743081 -0.3743081 -1
2.069556 2.069556 -1
3.702443 3.702443 -1
5.778352 5.778352 -1
8.057732 8.057732 -1
9.479479 9.479479 -1

Orbitals: 'EmptyOrbital'
N orbitals: 2
Orbitals: 'EmptyOrbital'
N orbitals: 15
-15.3195 14.6805 -1
-12.13451 -12.13451 -1
-13.58281 -13.58281 -1
-11.16426 -11.16426 -1
-6.296713 -6.296713 -1
-10.01264 -10.01264 -1
-1.660646 -1.660646 -1
-2.733151 -2.733151 -1
0.5339185 0.5339185 -1
1.451673 1.451673 -1
4.74861 4.74861 -1
6.846541 6.846541 -1
9.411892 9.411892 -1
11.1964 11.1964 -1
11.91154 11.91154 -1

Orbitals: 'EmptyOrbital'
N orbitals: 15
-14.84159 -14.84159 -1
-18.33221 11.66779 -1
-13.99075 -13.99075 -1
-12.566 -12.566 -1
-6.751788 -6.751788 -1
-9.999928 -9.999928 -1
-4.454745 -4.454745 -1
-8.062425 -8.062425 -1
-2.824704 -2.824704 -1
-0.837622 -0.837622 -1
1.193235 1.193235 -1
3.995599 3.995599 -1
6.110796 6.110796 -1
7.776036 7.776036 -1
10.41063 10.41063 -1

Orbitals: 'EmptyOrbital'
N orbitals: 2
Orbitals: 'EmptyOrbital'
N orbitals: 15
-16.57523 13.42477 -1
-11.95339 -11.95339 -1
-13.78036 -13.78036 -1
-10.34446 -10.34446 -1
-7.018268 -7.018268 -1
-8.856474 -8.856474 -1
-2.314761 -2.314761 -1
-4.141582 -4.141582 -1
-0.5737 -0.5737 -1
3.614477 3.614477 -1
5.457382 5.457382 -1
6.847651 6.847651 -1
8.784538 8.784538 -1
9.693735 9.693735 -1
11.37944 11.37944 -1

Orbitals: 'EmptyOrbital'
N orbitals: 15
-15.66887 14.33113 -1
-18.08643 11.91357 -1
-12.63016 -12.63016 -1
-10.85014 -10.85014 -1
-4.547067 -4.547067 -1
-9.016558 -9.016558 -1
-3.315346 -3.315346 -1
-7.531103 -7.531103 -1
-1.850035 -1.850035 -1
0.2347749 0.2347749 -1
2.504047 2.504047 -1
4.598954 4.598954 -1
6.569704 6.569704 -1
8.623065 8.623065 -1
9.952537 9.952537 -1

Orbitals: 'EmptyOrbital'
N orbitals: 2
Orbitals: 'EmptyOrbital'
N orbitals: 15
-15.52563 14.47437 -1
-11.57948 -11.57948 -1
-13.32403 -13.32403 -1
-9.252839 -9.252839 -1
-5.572267 -5.572267 -1
-7.130323 -7.130323 -1
-1.578376 -1.578376 -1
-3.497575 -3.497575 -1
1.444516 1.444516 -1
3.245549 3.245549 -1
4.689811 4.689811 -1
6.891909 6.891909 -1
7.947908 7.947908 -1
9.897326 9.897326 -1
12.59447 12.59447 -1

Orbitals: 'EmptyOrbital'
N orbitals: 15
-16.01413 13.98587 -1
-18.20549 11.79451 -1
-13.89452 -13.89452 -1
-12.69001 -12.69001 -1
-5.799443 -5.799443 -1
-9.099372 -9.099372 -1
-3.813189 -3.813189 -1
-8.280278 -8.280278 -1
-1.541235 -1.541235 -1
0.2587528 0.2587528 -1
2.16952 2.16952 -1
4.087253 4.087253 -1
5.051568 5.051568 -1
8.612836 8.612836 -1
10.21848 10.21848 -1

Orbitals: 'EmptyOrbital'
N orbitals: 2
Orbitals: 'EmptyOrbital'
N orbitals: 15
-16.27144 13.72856 -1
-14.34123 -14.34123 -1
-15.53716 14.46284 -1
-11.94315 -11.94315 -1
-7.890696 -7.890696 -1
-9.032536 -9.032536 -1
-3.919594 -3.919594 -1
-4.632971 -4.632971 -1
-2.243584 -2.243584 -1
0.7628266 0.7628266 -1
2.471337 2.471337 -1
4.315481 4.315481 -1
5.781503 5.781503 -1
8.822143 8.822143 -1
10.76788 10.76788 -1

Orbitals: 'EmptyOrbital'
N orbitals: 15
-16.73111 13.26889 -1
-19.34277 10.65723 -1
-15.63628 14.36372 -1
-13.28168 -13.28168 -1
-7.314142 -7.314142 -1
-11.91099 -11.91099 -1
-3.155532 -3.155532 -1
-9.575497 -9.575497 -1
-1.897881 -1.897881 -1
-0.8976939 -0.8976939 -1
1.032282 1.032282 -1
3.660143 3.660143 -1
5.328711 5.328711 -1
7.824244 7.824244 -1
9.100485 9.100485 -1

Orbitals: 'EmptyOrbital'
N orbitals: 2
Orbitals: 'EmptyOrbital'
N orbitals: 15
-14.6141 -14.6141 -1
-11.07304 -11.07304 -1
-11.9536 -11.9536 -1
-8.089345 -8.089345 -1
-5.622391 -5.622391 -1
-6.041909 -6.041909 -1
-1.311861 -1.311861 -1
-4.330282 -4.330282 -1
0.2294591 0.2294591 -1
1.875577 1.875577 -1
3.54769 3.54769 -1
7.720059 7.720059 -1
9.692324 9.692324 -1
11.42426 11.42426 -1
12.9491 12.9491 -1

Orbitals: 'EmptyOrbital'
N orbitals: 15
-14.22075 -14.22075 -1
-16.19724 13.80276 -1
-13.67969 -13.67969 -1
-10.61117 -10.61117 -1
-4.554677 -4.554677 -1
-9.207674 -9.207674 -1
-2.900594 -2.900594 -1
-7.746006 -7.746006 -1
-1.257332 -1.257332 -1
0.6337747 0.6337747 -1
2.634428 2.634428 -1
4.857184 4.857184 -1
6.644355 6.644355 -1
8.283666 8.283666 -1
10.64544 10.64544 -1

Orbitals: 'EmptyOrbital'
N orbitals: 2
Orbitals: 'EmptyOrbital'
N orbitals: 15
-16.65667 13.34333 -1
-13.64103 -13.64103 -1
-15.65017 14.34983 -1
-11.64992 -11.64992 -1
-7.005323 -7.005323 -1
-9.505332 -9.505332 -1
-2.006501 -2.006501 -1
-4.934254 -4.934254 -1
-0.7049845 -0.7049845 -1
1.093574 1.093574 -1
4.303074 4.303074 -1
5.707567 5.707567 -1
8.278823 8.278823 -1
9.990361 9.990361 -1
11.9559 11.9559 -1

Orbitals: 'EmptyOrbital'
N orbitals: 15
-16.65443 13.34557 -1
-18.17159 11.82841 -1
-14.03379 -14.03379 -1
-11.27925 -11.27925 -1
-5.929697 -5.929697 -1
-10.49471 -10.49471 -1
-4.763898 -4.763898 -1
-7.344126 -7.344126 -1
-3.316218 -3.316218 -1
-0.3953908 -0.3953908 -1
2.910197 2.910197 -1
3.432543 3.432543 -1
5.190972 5.190972 -1
7.171828 7.171828 -1
10.57918 10.57918 -1

Orbitals: 'EmptyOrbital'
N orbitals: 2
Orbitals: 'EmptyOrbital'
N orbitals: 15
-16.00573 13.99427 -1
-12.89641 -12.89641 -1
-14.0158 -14.0158 -1
-10.86886 -10.86886 -1
-7.344562 -7.344562 -1
-8.993677 -8.993677 -1
-4.51079 -4.51079 -1
-6.104669 -6.104669 -1
-1.286686 -1.286686 -1
0.7239309 0.7239309 -1
2.894885 2.894885 -1
4.529617 4.529617 -1
7.488394 7.488394 -1
9.43313 9.43313 -1
11.79386 11.79386 -1

Orbitals: 'EmptyOrbital'
N orbitals: 15
-18.2428 11.7572 -1
-19.48615 10.51385 -1
-16.16255 13.83745 -1
-14.40503 -14.40503 -1
-8.74419 -8.74419 -1
-12.39533 -12.39533 -1
-6.134225 -6.134225 -1
-11.16751 -11.16751 -1
-5.082884 -5.082884 -1
-3.284606 -3.284606 -1
0.3303869 0.3303869 -1
1.66853 1.66853 -1
4.818145 4.818145 -1
5.869189 5.869189 -1
8.345321 8.345321 -1

Orbitals: 'EmptyOrbital'
N orbitals: 2
Orbitals: 'EmptyOrbital'
N orbitals: 15
-20.25031 9.74969 -1
-15.14512 14.85488 -1
-18.48046 11.51954 -1
-12.91532 -12.91532 -1
-8.786967 -8.786967 -1
-10.44372 -10.44372 -1
-6.0394 -6.0394 -1
-7.032044 -7.032044 -1
-4.304643 -4.304643 -1
-0.4826348 -0.4826348 -1
0.6048169 0.6048169 -1
2.4271 2.4271 -1
4.306375 4.306375 -1
6.746754 6.746754 -1
9.212268 9.212268 -1

Orbitals: 'EmptyOrbital'
N orbitals: 15
-16.30874 13.69126 -1
-18.78645 11.21355 -1
-15.05659 14.94341 -1
-12.92216 -12.92216 -1
-6.442786 -6.442786 -1
-11.49329 -11.49329 -1
-4.676263 -4.676263 -1
-9.041427 -9.041427 -1
-3.098757 -3.098757 -1
-0.05256901 -0.05256901 -1
1.546869 1.546869 -1
4.894049 4.894049 -1
7.027139 7.027139 -1
7.708235 7.708235 -1
9.740551 9.740551 -1

Orbitals: 'EmptyOrbital'
N orbitals: 2
Orbitals: 'EmptyOrbital'
N orbitals: 15
-19.02761 10.97239 -1
-14.34463 -14.34463 -1
-16.03791 13.96209 -1
-12.92558 -12.92558 -1
-9.532083 -9.532083 -1
-11.69914 -11.69914 -1
-6.465972 -6.465972 -1
-7.338595 -7.338595 -1
-3.934076 -3.934076 -1
-0.7260677 -0.7260677 -1
0.7245239 0.7245239 -1
2.600921 2.600921 -1
4.287494 4.287494 -1
5.976335 5.976335 -1
8.759321 8.759321 -1

Orbitals: 'EmptyOrbital'
N orbitals: 15
-16.53132 13.46868 -1
-17.55984 12.44016 -1
-14.13945 -14.13945 -1
-12.27567 -12.27567 -1
-5.492263 -5.492263 -1
-10.19127 -10.19127 -1
-2.651068 -2.651068 -1
-7.441282 -7.441282 -1
-1.535968 -1.535968 -1
0.1200764 0.1200764 -1
2.220354 2.220354 -1
4.071148 4.071148 -1
6.751828 6.751828 -1
9.337091 9.337091 -1
11.8154 11.8154 -1

Orbitals: 'EmptyOrbital'
N orbitals: 2
Orbitals: 'EmptyOrbital'
N orbitals: 15
-18.12132 11.87868 -1
-13.64729 -13.64729 -1
-15.69087 14.30913 -1
-10.6464 -10.6464 -1
-8.310364 -8.310364 -1
-10.20241 -10.20241 -1
-4.125009 -4.125009 -1
-6.830677 -6.830677 -1
-2.347354 -2.347354 -1
-1.116749 -1.116749 -1
1.710894 1.710894 -1
3.325373 3.325373 -1
3.926346 3.926346 -1
8.427946 8.427946 -1
9.870233 9.870233 -1

Orbitals: 'EmptyOrbital'
N orbitals: 15
-17.81692 12.18308 -1
-20.41059 9.589412 -1
-15.05349 14.94651 -1
-12.10262 -12.10262 -1
-8.016588 -8.016588 -1
-11.16531 -11.16531 -1
-4.787718 -4.787718 -1
-9.56784 -9.56784 -1
-2.467133 -2.467133 -1
-0.6819538 -0.6819538 -1
0.5894725 0.5894725 -1
2.513777 2.513777 -1
5.021694 5.021694 -1
6.709144 6.709144 -1
8.216777 8.216777 -1

Orbitals: 'EmptyOrbital'
N orbitals: 2
Orbitals: 'EmptyOrbital'
N orbitals: 15
-17.39728 12.60272 -1
-13.22578 -13.22578 -1
-14.42536 -14.42536 -1
-11.74152 -11.74152 -1
-5.964718 -5.964718 -1
-8.557398 -8.557398 -1
-2.452065 -2.452065 -1
-5.59447 -5.59447 -1
-0.1030679 -0.1030679 -1
1.196163 1.196163 -1
3.187386 3.187386 -1
4.451637 4.451637 -1
6.928136 6.928136 -1
7.952765 7.952765 -1
11.31972 11.31972 -1

Orbitals: 'EmptyOrbital'
N orbitals: 15
-15.79536 14.20464 -1
-17.63805 12.36195 -1
-13.5508 -13.5508 -1
-10.42267 -10.42267 -1
-5.04577 -5.04577 -1
-9.562091 -9.562091 -1
-2.367841 -2.367841 -1
-8.287185 -8.287185 -1
-1.662698 -1.662698 -1
-0.8091071 -0.8091071 -1
2.388715 2.388715 -1
4.809093 4.809093 -1
5.789215 5.789215 -1
8.572832 8.572832 -1
11.4888 11.4888 -1

Orbitals: 'EmptyOrbital'
N orbitals: 2
Orbitals: 'EmptyOrbital'
N orbitals: 15
-20.47142 9.528578 -1
-13.73922 -13.73922 -1
-16.09796 13.90204 -1
-12.53444 -12.53444 -1
-9.35357 -9.35357 -1
-11.11766 -11.11766 -1
-5.423927 -5.423927 -1
-7.65978 -7.65978 -1
-3.169364 -3.169364 -1
-1.932125 -1.932125 -1
1.011286 1.011286 -1
3.542149 3.542149 -1
4.729327 4.729327 -1
7.382677 7.382677 -1
9.009437 9.009437 -1

Orbitals: 'EmptyOrbital'
N orbitals: 15
-15.31082 14.68918 -1
-18.89255 11.10745 -1
-13.21535 -13.21535 -1
-11.74372 -11.74372 -1
-5.901026 -5.901026 -1
-9.288384 -9.288384 -1
-4.707766 -4.707766 -1
-7.491683 -7.491683 -1
-4.263463 -4.263463 -1
-2.129742 -2.129742 -1
2.013438 2.013438 -1
3.881857 3.881857 -1
4.803359 4.803359 -1
8.795096 8.795096 -1
10.78104 10.78104 -1

Orbitals: 'EmptyOrbital'
N orbitals: 2
Orbitals: 'EmptyOrbital'
N orbitals: 15
-16.02346 13.97654 -1
-12.18999 -12.18999 -1
-13.61802 -13.61802 -1
-11.05885 -11.05885 -1
-6.711693 -6.711693 -1
-7.439163 -7.439163 -1
-2.955585 -2.955585 -1
-3.881751 -3.881751 -1
0.1138053 0.1138053 -1
3.270975 3.270975 -1
4.874391 4.874391 -1
6.360108 6.360108 -1
8.916315 8.916315 -1
9.627871 9.627871 -1
11.61745 11.61745 -1

Orbitals: 'EmptyOrbital'
N orbitals: 15
-14.06379 -14.06379 -1
-16.27907 13.72093 -1
-13.41663 -13.41663 -1
-11.33572 -11.33572 -1
-6.056705 -6.056705 -1
-10.08754 -10.08754 -1
-4.726875 -4.726875 -1
-7.499359 -7.499359 -1
-2.417783 -2.417783 -1
1.145852 1.145852 -1
2.616078 2.616078 -1
4.092236 4.092236 -1
7.096479 7.096479 -1
9.008654 9.008654 -1
11.62115 11.62115 -1

Orbitals: 'EmptyOrbital'
N orbitals: 2
Orbitals: 'EmptyOrbital'
N orbitals: 15
-14.82656 -14.82656 -1
-11.25266 -11.25266 -1
-12.95953 -12.95953 -1
-8.512644 -8.512644 -1
-4.921403 -4.921403 -1
-7.502177 -7.502177 -1
-1.701234 -1.701234 -1
-3.365563 -3.365563 -1
0.008847944 0.008847944 -1
3.179221 3.179221 -1
5.584394 5.584394 -1
6.914731 6.914731 -1
8.770453 8.770453 -1
10.97105 10.97105 -1
13.56288 13.56288 -1

Orbitals: 'EmptyOrbital'
N orbitals: 15
-16.62432 13.37568 -1
-18.56395 11.43605 -1
-16.03534 13.96466 -1
-13.23368 -13.23368 -1
-7.22774 -7.22774 -1
-10.35381 -10.35381 -1
-5.739321 -5.739321 -1
-9.807257 -9.807257 -1
-3.966925 -3.966925 -1
-1.492234 -1.492234 -1
0.3876234 0.3876234 -1
1.808944 1.808944 -1
3.894413 3.894413 -1
7.363214 7.363214 -1
9.394676 9.394676 -1

Orbitals: 'EmptyOrbital'
N orbitals: 2
Orbitals: 'EmptyOrbital'
N orbitals: 15
-17.29724 12.70276 -1
-13.63373 -13.63373 -1
-16.27235 13.72765 -1
-11.40982 -11.40982 -1
-6.162687 -6.162687 -1
-8.839694 -8.839694 -1
-0.3145436 -0.3145436 -1
-5.280574 -5.280574 -1
-0.9818343 -0.9818343 -1
2.611231 2.611231 -1
4.9399 4.9399 -1
5.333532 5.333532 -1
7.974333 7.974333 -1
9.46332 9.46332 -1
11.45953 11.45953 -1

Orbitals: 'EmptyOrbital'
N orbitals: 15
-15.4362 14.5638 -1
-16.41833 13.58167 -1
-13.91463 -13.91463 -1
-10.64929 -10.64929 -1
-5.021456 -5.021456 -1
-8.705934 -8.705934 -1
-3.949493 -3.949493 -1
-6.562482 -6.562482 -1
-1.108446 -1.108446 -1
0.2072718 0.2072718 -1
1.908082 1.908082 -1
5.074436 5.074436 -1
5.71563 5.71563 -1
8.561647 8.561647 -1
10.96312 10.96312 -1

Orbitals: 'EmptyOrbital'
N orbitals: 2
Orbitals: 'EmptyOrbital'
N orbitals: 15
-14.75546 -14.75546 -1
-11.0419 -11.0419 -1
-14.42975 -14.42975 -1
-9.714488 -9.714488 -1
-6.043479 -6.043479 -1
-8.624606 -8.624606 -1
-2.24276 -2.24276 -1
-4.050624 -4.050624 -1
0.6318482 0.6318482 -1
1.278708 1.278708 -1
3.09805 3.09805 -1
5.090313 5.090313 -1
6.864476 6.864476 -1
8.422901 8.422901 -1
12.44305 12.44305 -1

Orbitals: 'EmptyOrbital'
N orbitals: 15
-17.35907 12.64093 -1
-19.13079 10.86921 -1
-14.09432 -14.09432 -1
-12.41794 -12.41794 -1
-5.907549 -5.907549 -1
-9.744771 -9.744771 -1
-4.290085 -4.290085 -1
-8.188516 -8.188516 -1
-2.032752 -2.032752 -1
0.303458 0.303458 -1
1.069697 1.069697 -1
2.94359 2.94359 -1
5.969047 5.969047 -1
8.278524 8.278524 -1
8.802903 8.802903 -1

Orbitals: 'EmptyOrbital'
N orbitals: 2
Orbitals: 'EmptyOrbital'
N orbitals: 15
-15.8804 14.1196 -1
-11.8826 -11.8826 -1
-14.22474 -14.22474 -1
-10.92301 -10.92301 -1
-6.101271 -6.101271 -1
-8.911184 -8.911184 -1
-2.704449 -2.704449 -1
-4.094607 -4.094607 -1
0.7337534 0.7337534 -1
1.320054 1.320054 -1
4.780719 4.780719 -1
5.513241 5.513241 -1
7.766054 7.766054 -1
10.635 10.635 -1
11.49158 11.49158 -1

Orbitals: 'EmptyOrbital'
N orbitals: 15
-16.12261 13.87739 -1
-18.29368 11.70632 -1
-11.23082 -11.23082 -1
-9.913997 -9.913997 -1
-6.277654 -6.277654 -1
-8.683749 -8.683749 -1
-2.651838 -2.651838 -1
-7.499696 -7.499696 -1
-0.400052 -0.400052 -1
1.366668 1.366668 -1
3.240386 3.240386 -1
5.259333 5.259333 -1
7.587356 7.587356 -1
8.890357 8.890357 -1
11.05492 11.05492 -1

Orbitals: 'EmptyOrbital'
N orbitals: 2
Orbitals: 'EmptyOrbital'
N orbitals: 15
-16.55537 13.44463 -1
-12.48632 -12.48632 -1
-14.85519 -14.85519 -1
-11.13793 -11.13793 -1
-4.828738 -4.828738 -1
-8.581099 -8.581099 -1
-2.276168 -2.276168 -1
-3.387 -3.387 -1
-0.8505747 -0.8505747 -1
1.155472 1.155472 -1
3.63518 3.63518 -1
6.360062 6.360062 -1
7.707368 7.707368 -1
8.474216 8.474216 -1
12.0612 12.0612 -1

Orbitals: 'EmptyOrbital'
N orbitals: 15
-15.34006 14.65994 -1
-16.52865 13.47135 -1
-14.31559 -14.31559 -1
-11.87192 -11.87192 -1
-5.026175 -5.026175 -1
-11.04133 -11.04133 -1
-4.402894 -4.402894 -1
-8.490516 -8.490516 -1
-2.546815 -2.546815 -1
-1.184569 -1.184569 -1
0.565955 0.565955 -1
4.019031 4.019031 -1
6.117803 6.117803 -1
6.615225 6.615225 -1
9.63464 9.63464 -1

Orbitals: 'EmptyOrbital'
N orbitals: 2
Orbitals: 'EmptyOrbital'
N orbitals: 15
-17.3771 12.6229 -1
-13.51519 -13.51519 -1
-15.03875 14.96125 -1
-11.85523 -11.85523 -1
-6.937051 -6.937051 -1
-9.084523 -9.084523 -1
-3.562289 -3.562289 -1
-5.471796 -5.471796 -1
-2.858506 -2.858506 -1
0.6217144 0.6217144 -1
2.998472 2.998472 -1
5.180188 5.180188 -1
7.263336 7.263336 -1
8.742458 8.742458 -1
10.98688 10.98688 -1

Orbitals: 'EmptyOrbital'
N orbitals: 15
-16.36609 13.63391 -1
-18.53799 11.46201 -1
-13.04858 -13.04858 -1
-12.67105 -12.67105 -1
-5.717444 -5.717444 -1
-8.814651 -8.814651 -1
-3.346964 -3.346964 -1
-7.525415 -7.525415 -1
-1.454802 -1.454802 -1
-0.5730054 -0.5730054 -1
0.934116 0.934116 -1
4.200018 4.200018 -1
6.432887 6.432887 -1
7.012953 7.012953 -1
10.16057 10.16057 -1

Orbitals: 'EmptyOrbital'
N orbitals: 2
Orbitals: 'EmptyOrbital'
N orbitals: 15
-17.36669 12.63331 -1
-12.27032 -12.27032 -1
-14.35743 -14.35743 -1
-11.42867 -11.42867 -1
-6.763345 -6.763345 -1
-8.707703 -8.707703 -1
-3.873708 -3.873708 -1
-5.269519 -5.269519 -1
-1.844881 -1.844881 -1
-1.152927 -1.152927 -1
0.9368665 0.9368665 -1
3.003278 3.003278 -1
6.051094 6.051094 -1
8.477429 8.477429 -1
11.21921 11.21921 -1

Orbitals: 'EmptyOrbital'
N orbitals: 15
-16.57028 13.42972 -1
-18.5395 11.4605 -1
-15.63677 14.36323 -1
-11.42569 -11.42569 -1
-3.528255 -3.528255 -1
-10.52518 -10.52518 -1
-1.949232 -1.949232 -1
-6.261255 -6.261255 -1
-1.167788 -1.167788 -1
-0.1784125 -0.1784125 -1
1.944171 1.944171 -1
4.756086 4.756086 -1
6.044373 6.044373 -1
7.217675 7.217675 -1
8.53545 8.53545 -1

Orbitals: 'EmptyOrbital'
N orbitals: 2
Orbitals: 'EmptyOrbital'
N orbitals: 15
-17.25683 12.74317 -1
-15.43209 14.56791 -1
-16.56993 13.43007 -1
-11.72157 -11.72157 -1
-7.493391 -7.493391 -1
-10.38536 -10.38536 -1
-2.690611 -2.690611 -1
-4.8654 -4.8654 -1
-1.338721 -1.338721 -1
-0.4069338 -0.4069338 -1
2.725713 2.725713 -1
4.664019 4.664019 -1
7.267505 7.267505 -1
9.467135 9.467135 -1
10.35938 10.35938 -1

Orbitals: 'EmptyOrbital'
N orbitals: 15
-16.78387 13.21613 -1
-18.15279 11.84721 -1
-15.12011 14.87989 -1
-12.67151 -12.67151 -1
-4.681902 -4.681902 -1
-11.48546 -11.48546 -1
-3.50595 -3.50595 -1
-7.516845 -7.516845 -1
-1.291196 -1.291196 -1
-0.998986 -0.998986 -1
0.4373596 0.4373596 -1
4.217633 4.217633 -1
5.036352 5.036352 -1
6.67716 6.67716 -1
8.00775 8.00775 -1

Orbitals: 'EmptyOrbital'
N orbitals: 2
Orbitals: 'EmptyOrbital'
N orbitals: 15
-18.3681 11.6319 -1
-14.97746 -14.97746 -1
-15.32284 14.67716 -1
-11.99934 -11.99934 -1
-8.392101 -8.392101 -1
-9.40716 -9.40716 -1
-4.891469 -4.891469 -1
-5.930147 -5.930147 -1
-2.740377 -2.740377 -1
-0.6662511 -0.6662511 -1
1.459886 1.459886 -1
4.140867 4.140867 -1
4.949219 4.949219 -1
6.196898 6.196898 -1
9.868535 9.868535 -1

Orbitals: 'EmptyOrbital'
N orbitals: 15
-17.3063 12.6937 -1
-19.1249 10.8751 -1
-16.40918 13.59082 -1
-13.29438 -13.29438 -1
-7.112242 -7.112242 -1
-9.866295 -9.866295 -1
-4.265106 -4.265106 -1
-8.367163 -8.367163 -1
-1.575599 -1.575599 -1
0.1647368 0.1647368 -1
1.813455 1.813455 -1
3.643398 3.643398 -1
3.972918 3.972918 -1
6.526034 6.526034 -1
9.344467 9.344467 -1

Orbitals: 'EmptyOrbital'
N orbitals: 2
Orbitals: 'EmptyOrbital'
N orbitals: 15
-18.22849 11.77151 -1
-13.98634 -13.98634 -1
-16.19419 13.80581 -1
-11.76157 -11.76157 -1
-8.468792 -8.468792 -1
-9.497601 -9.497601 -1
-3.609893 -3.609893 -1
-7.290591 -7.290591 -1
-1.427523 -1.427523 -1
0.4959985 0.4959985 -1
2.819335 2.819335 -1
3.739972 3.739972 -1
5.866068 5.866068 -1
8.632751 8.632751 -1
10.05034 10.05034 -1

Orbitals: 'EmptyOrbital'
N orbitals: 15
-15.9677 14.0323 -1
-18.30737 11.69263 -1
-14.82214 -14.82214 -1
-13.59643 -13.59643 -1
-5.731494 -5.731494 -1
-10.61696 -10.61696 -1
-4.076797 -4.076797 -1
-8.588118 -8.588118 -1
-3.283366 -3.283366 -1
-1.859265 -1.859265 -1
2.004585 2.004585 -1
4.32297 4.32297 -1
5.243109 5.243109 -1
7.906849 7.906849 -1
10.3076 10.3076 -1

Orbitals: 'EmptyOrbital'
N orbitals: 2
Orbitals: 'EmptyOrbital'
N orbitals: 15
-16.47793 13.52207 -1
-12.53016 -12.53016 -1
-15.349 14.651 -1
-10.60046 -10.60046 -1
-7.128928 -7.128928 -1
-8.163416 -8.163416 -1
-1.810892 -1.810892 -1
-4.673266 -4.673266 -1
-0.3074712 -0.3074712 -1
0.05093832 0.05093832 -1
1.463263 1.463263 -1
3.385447 3.385447 -1
5.783147 5.783147 -1
8.478307 8.478307 -1
9.921887 9.921887 -1

Orbitals: 'EmptyOrbital'
N orbitals: 15
-13.65518 -13.65518 -1
-17.31874 12.68126 -1
-12.06271 -12.06271 -1
-10.68657 -10.68657 -1
-5.856837 -5.856837 -1
-9.310408 -9.310408 -1
-3.483591 -3.483591 -1
-8.24972 -8.24972 -1
-3.039923 -3.039923 -1
-1.319366 -1.319366 -1
2.774498 2.774498 -1
3.570136 3.570136 -1
5.814287 5.814287 -1
8.186223 8.186223 -1
10.29546 10.29546 -1

Orbitals: 'EmptyOrbital'
N orbitals: 2
Orbitals: 'EmptyOrbital'
N orbitals: 15
-17.39018 12.60982 -1
-12.63914 -12.63914 -1
-15.15026 14.84974 -1
-11.18037 -11.18037 -1
-5.701086 -5.701086 -1
-9.079443 -9.079443 -1
-2.468184 -2.468184 -1
-4.750491 -4.750491 -1
-1.125065 -1.125065 -1
0.5383964 0.5383964 -1
3.725569 3.725569 -1
5.667828 5.667828 -1
7.993229 7.993229 -1
8.661498 8.661498 -1
10.81974 10.81974 -1

Orbitals: 'EmptyOrbital'
N orbitals: 15
-15.19529 14.80471 -1
-17.3739 12.6261 -1
-12.90669 -12.90669 -1
-12.13904 -12.13904 -1
-6.049963 -6.049963 -1
-9.521585 -9.521585 -1
-3.925246 -3.925246 -1
-7.40741 -7.40741 -1
-2.650352 -2.650352 -1
-0.7234322 -0.7234322 -1
1.368226 1.368226 -1
4.617085 4.617085 -1
6.541664 6.541664 -1
8.184225 8.184225 -1
10.70991 10.70991 -1

Orbitals: 'EmptyOrbital'
N orbitals: 2
Orbitals: 'EmptyOrbital'
N orbitals: 15
-16.64223 13.35777 -1
-13.67974 -13.67974 -1
-14.84956 -14.84956 -1
-10.03774 -10.03774 -1
-6.762707 -6.762707 -1
-9.483715 -9.483715 -1
-3.141648 -3.141648 -1
-4.605874 -4.605874 -1
0.07462302 0.07462302 -1
1.935145 1.935145 -1
5.475859 5.475859 -1
6.931972 6.931972 -1
8.870516 8.870516 -1
9.843913 9.843913 -1
11.84284 11.84284 -1

Orbitals: 'EmptyOrbital'
N orbitals: 15
-16.09449 13.90551 -1
-17.40178 12.59822 -1
-13.82726 -13.82726 -1
-12.93032 -12.93032 -1
-5.970359 -5.970359 -1
-11.07233 -11.07233 -1
-3.929232 -3.929232 -1
-8.253267 -8.253267 -1
-1.896702 -1.896702 -1
-0.5787024 -0.5787024 -1
2.488129 2.488129 -1
3.337441 3.337441 -1
6.855603 6.855603 -1
8.365335 8.365335 -1
9.576779 9.576779 -1

Orbitals: 'EmptyOrbital'
N orbitals: 2
Orbitals: 'EmptyOrbital'
N orbitals: 15
-15.58235 14.41765 -1
-12.17857 -12.17857 -1
-14.45813 -14.45813 -1
-9.776156 -9.776156 -1
-5.835382 -5.835382 -1
-8.240366 -8.240366 -1
-1.875196 -1.875196 -1
-4.321817 -4.321817 -1
-0.1796877 -0.1796877 -1
1.52837 1.52837 -1
4.972235 4.972235 -1
7.015012 7.015012 -1
7.537492 7.537492 -1
9.622978 9.622978 -1
12.3848 12.3848 -1

Orbitals: 'EmptyOrbital'
N orbitals: 15
-16.25521 13.74479 -1
-18.88387 11.11613 -1
-14.66053 -14.66053 -1
-11.20571 -11.20571 -1
-5.240811 -5.240811 -1
-8.341594 -8.341594 -1
-2.716903 -2.716903 -1
-6.661554 -6.661554 -1
-1.784386 -1.784386 -1
-0.1871246 -0.1871246 -1
1.454919 1.454919 -1
2.632846 2.632846 -1
4.496887 4.496887 -1
8.127391 8.127391 -1
10.33589 10.33589 -1

NWalkers: 33
Orbitals: 'EmptyOrbital'
N orbitals: 2
Orbitals: 'EmptyOrbital'
N orbitals: 15
-17.29331 12.70669 -1
-12.857 -12.857 -1
-15.3939 14.6061 -1
-11.40641 -11.40641 -1
-7.859379 -7.859379 -1
-8.673778 -8.673778 -1
-2.990998 -2.990998 -1
-6.020665 -6.020665 -1
-1.828005 -1.828005 -1
1.307118 1.307118 -1
3.487716 3.487716 -1
5.95178 5.95178 -1
6.591767 6.591767 -1
9.599324 9.599324 -1
10.86996 10.86996 -1

Orbitals: 'EmptyOrbital'
N orbitals: 15
-17.88253 12.11747 -1
-20.18197 9.818028 -1
-16.57643 13.42357 -1
-14.85937 -14.85937 -1
-7.683116 -7.683116 -1
-12.34929 -12.34929 -1
-5.824901 -5.824901 -1
-9.648067 -9.648067 -1
-3.898989 -3.898989 -1
-2.64351 -2.64351 -1
-0.5069555 -0.5069555 -1
1.126238 1.126238 -1
4.143386 4.143386 -1
4.978936 4.978936 -1
6.314792 6.314792 -1

Orbitals: 'EmptyOrbital'
N orbitals: 2
Orbitals: 'EmptyOrbital'
N orbitals: 15
-17.90105 12.09895 -1
-15.26195 14.73805 -1
-16.61006 13.38994 -1
-14.03112 -14.03112 -1
-7.396895 -7.396895 -1
-10.89897 -10.89897 -1
-5.146763 -5.146763 -1
-6.599827 -6.599827 -1
-3.485046 -3.485046 -1
-1.850761 -1.850761 -1
1.459932 1.459932 -1
3.133449 3.133449 -1
4.653882 4.653882 -1
6.453108 6.453108 -1
9.524817 9.524817 -1

Orbitals: 'EmptyOrbital'
N orbitals: 15
-16.16578 13.83422 -1
-19.07944 10.92056 -1
-13.50299 -13.50299 -1
-11.42631 -11.42631 -1
-6.236755 -6.236755 -1
-10.06817 -10.06817 -1
-4.810076 -4.810076 -1
-8.925795 -8.925795 -1
-1.243028 -1.243028 -1
0.4620196 0.4620196 -1
1.419847 1.419847 -1
3.687221 3.687221 -1
6.164999 6.164999 -1
7.473241 7.473241 -1
8.877234 8.877234 -1

Orbitals: 'EmptyOrbital'
N orbitals: 2
Orbitals: 'EmptyOrbital'
N orbitals: 15
-18.54129 11.45871 -1
-14.95201 -14.95201 -1
-16.35481 13.64519 -1
-12.98986 -12.98986 -1
-10.10029 -10.10029 -1
-11.80482 -11.80482 -1
-6.905837 -6.905837 -1
-7.366835 -7.366835 -1
-3.502935 -3.502935 -1
-0.9363292 -0.9363292 -1
0.9079126 0.9079126 -1
2.651921 2.651921 -1
4.78645 4.78645 -1
6.249366 6.249366 -1
8.980568 8.980568 -1

Orbitals: 'EmptyOrbital'
N orbitals: 15
-15.31606 14.68394 -1
-17.18146 12.81854 -1
-13.2552 -13.2552 -1
-11.97893 -11.97893 -1
-6.41195 -6.41195 -1
-10.17417 -10.17417 -1
-3.731748 -3.731748 -1
-7.686374 -7.686374 -1
-2.110929 -2.110929 -1
-1.424086 -1.424086 -1
0.1043269 0.1043269 -1
4.186301 4.186301 -1
5.483785 5.483785 -1
8.477454 8.477454 -1
12.21639 12.21639 -1

Orbitals: 'EmptyOrbital'
N orbitals: 2
Orbitals: 'EmptyOrbital'
N orbitals: 15
-18.34627 11.65373 -1
-13.65653 -13.65653 -1
-15.51123 14.48877 -1
-12.6999 -12.6999 -1
-9.33574 -9.33574 -1
-10.79212 -10.79212 -1
-4.582814 -4.582814 -1
-6.295583 -6.295583 -1
-1.087896 -1.087896 -1
0.01975356 0.01975356 -1
1.741114 1.741114 -1
3.696907 3.696907 -1
6.062848 6.062848 -1
8.048206 8.048206 -1
10.12842 10.12842 -1

Orbitals: 'EmptyOrbital'
N orbitals: 15
-16.29508 13.70492 -1
-18.93025 11.06975 -1
-14.16572 -14.16572 -1
-12.54247 -12.54247 -1
-6.724028 -6.724028 -1
-10.49493 -10.49493 -1
-5.353532 -5.353532 -1
-7.7568 -7.7568 -1
-2.044924 -2.044924 -1
0.06203638 0.06203638 -1
1.552279 1.552279 -1
3.51803 3.51803 -1
6.115993 6.115993 -1
6.843608 6.843608 -1
8.328286 8.328286 -1

Orbitals: 'EmptyOrbital'
N orbitals: 2
Orbitals: 'EmptyOrbital'
N orbitals: 15
-16.99951 13.00049 -1
-12.79012 -12.79012 -1
-13.79841 -13.79841 -1
-11.83353 -11.83353 -1
-7.253689 -7.253689 -1
-9.163139 -9.163139 -1
-3.600501 -3.600501 -1
-5.605587 -5.605587 -1
-1.103346 -1.103346 -1
1.223458 1.223458 -1
2.398188 2.398188 -1
4.547234 4.547234 -1
6.001965 6.001965 -1
8.576566 8.576566 -1
10.04393 10.04393 -1

Orbitals: 'EmptyOrbital'
N orbitals: 15
-14.21833 -14.21833 -1
-16.64793 13.35207 -1
-12.39014 -12.39014 -1
-11.32801 -11.32801 -1
-5.582958 -5.582958 -1
-8.435261 -8.435261 -1
-3.28077 -3.28077 -1
-7.393268 -7.393268 -1
-1.067328 -1.067328 -1
0.7752523 0.7752523 -1
3.092174 3.092174 -1
5.68375 5.68375 -1
6.396407 6.396407 -1
8.026535 8.026535 -1
10.46659 10.46659 -1

Orbitals: 'EmptyOrbital'
N orbitals: 2
Orbitals: 'EmptyOrbital'
N orbitals: 15
-18.50731 11.49269 -1
-14.06331 -14.06331 -1
-16.50906 13.49094 -1
-10.94341 -10.94341 -1
-8.980282 -8.980282 -1
-9.808441 -9.808441 -1
-5.583434 -5.583434 -1
-7.508758 -7.508758 -1
-3.118954 -3.118954 -1
-1.350434 -1.350434 -1
1.477671 1.477671 -1
3.171792 3.171792 -1
5.251388 5.251388 -1
7.153148 7.153148 -1
8.261712 8.261712 -1

Orbitals: 'EmptyOrbital'
N orbitals: 15
-16.27032 13.72968 -1
-18.67313 11.32687 -1
-14.8832 -14.8832 -1
-11.63061 -11.63061 -1
-6.90098 -6.90098 -1
-10.73603 -10.73603 -1
-4.605775 -4.605775 -1
-8.722479 -8.722479 -1
-1.770194 -1.770194 -1
0.06467045 0.06467045 -1
2.310613 2.310613 -1
3.936773 3.936773 -1
4.88918 4.88918 -1
6.530912 6.530912 -1
9.992578 9.992578 -1

Orbitals: 'EmptyOrbital'
N orbitals: 2
Orbitals: 'EmptyOrbital'
N orbitals: 15
-16.45189 13.54811 -1
-11.8996 -11.8996 -1
-13.37025 -13.37025 -1
-10.44513 -10.44513 -1
-7.026348 -7.026348 -1
-8.206842 -8.206842 -1
-2.844056 -2.844056 -1
-5.057724 -5.057724 -1
-0.7714717 -0.7714717 -1
2.911694 2.911694 -1
4.770494 4.770494 -1
5.979718 5.979718 -1
8.431584 8.431584 -1
9.05339 9.05339 -1
12.61949 12.61949 -1

Orbitals: 'EmptyOrbital'
N orbitals: 15
-16.24315 13.75685 -1
-16.99429 13.00571 -1
-13.59663 -13.59663 -1
-12.27672 -12.27672 -1
-4.526432 -4.526432 -1
-10.71334 -10.71334 -1
-2.770227 -2.770227 -1
-7.526734 -7.526734 -1
-1.237961 -1.237961 -1
-0.3589651 -0.3589651 -1
2.303768 2.303768 -1
5.280008 5.280008 -1
6.50051 6.50051 -1
9.117029 9.117029 -1
10.70312 10.70312 -1

Orbitals: 'EmptyOrbital'
N orbitals: 2
Orbitals: 'EmptyOrbital'
N orbitals: 15
-15.16878 14.83122 -1
-11.23537 -11.23537 -1
-12.51428 -12.51428 -1
-9.071845 -9.071845 -1
-5.997104 -5.997104 -1
-7.760972 -7.760972 -1
-2.355484 -2.355484 -1
-5.168175 -5.168175 -1
-0.2545959 -0.2545959 -1
3.133433 3.133433 -1
4.422608 4.422608 -1
6.583195 6.583195 -1
8.12411 8.12411 -1
11.2091 11.2091 -1
14.40407 14.40407 -1

Orbitals: 'EmptyOrbital'
N orbitals: 15
-16.7757 13.2243 -1
-18.42071 11.57929 -1
-15.75686 14.24314 -1
-12.8908 -12.8908 -1
-6.988692 -6.988692 -1
-10.33556 -10.33556 -1
-5.530604 -5.530604 -1
-8.986895 -8.986895 -1
-4.581578 -4.581578 -1
-1.448782 -1.448782 -1
0.4879803 0.4879803 -1
3.349622 3.349622 -1
5.07856 5.07856 -1
8.162216 8.162216 -1
10.13016 10.13016 -1

Orbitals: 'EmptyOrbital'
N orbitals: 2
Orbitals: 'EmptyOrbital'
N orbitals: 15
-18.43485 11.56515 -1
-14.25268 -14.25268 -1
-15.58656 14.41344 -1
-10.84483 -10.84483 -1
-6.368196 -6.368196 -1
-8.319985 -8.319985 -1
2.318987 2.318987 -1
-3.879048 -3.879048 -1
-0.9914183 -0.9914183 -1
3.233108 3.233108 -1
4.067233 4.067233 -1
5.958543 5.958543 -1
7.723214 7.723214 -1
10.33212 10.33212 -1
11.04755 11.04755 -1

Orbitals: 'EmptyOrbital'
N orbitals: 15
-14.24989 -14.24989 -1
-17.58389 12.41611 -1
-13.60536 -13.60536 -1
-11.10504 -11.10504 -1
-5.615485 -5.615485 -1
-9.786964 -9.786964 -1
-3.124707 -3.124707 -1
-7.998784 -7.998784 -1
-0.7064517 -0.7064517 -1
0.9032291 0.9032291 -1
2.908153 2.908153 -1
4.951114 4.951114 -1
6.181591 6.181591 -1
8.470193 8.470193 -1
10.76734 10.76734 -1

Orbitals: 'EmptyOrbital'
N orbitals: 2
Orbitals: 'EmptyOrbital'
N orbitals: 15
-16.29318 13.70682 -1
-13.16337 -13.16337 -1
-14.47862 -14.47862 -1
-10.31023 -10.31023 -1
-5.908485 -5.908485 -1
-8.132899 -8.132899 -1
-2.500305 -2.500305 -1
-3.223773 -3.223773 -1
-0.1474546 -0.1474546 -1
1.255684 1.255684 -1
2.497193 2.497193 -1
4.963469 4.963469 -1
7.056354 7.056354 -1
8.643916 8.643916 -1
11.18646 11.18646 -1

Orbitals: 'EmptyOrbital'
N orbitals: 15
-15.52163 14.47837 -1
-18.10958 11.89042 -1
-13.40236 -13.40236 -1
-11.87685 -11.87685 -1
-6.710537 -6.710537 -1
-11.36636 -11.36636 -1
-4.320965 -4.320965 -1
-7.699449 -7.699449 -1
-2.242923 -2.242923 -1
-1.157227 -1.157227 -1
0.5154983 0.5154983 -1
2.821686 2.821686 -1
5.272472 5.272472 -1
7.821771 7.821771 -1
10.6609 10.6609 -1

Orbitals: 'EmptyOrbital'
N orbitals: 2
Orbitals: 'EmptyOrbital'
N orbitals: 15
-15.03829 14.96171 -1
-12.11356 -12.11356 -1
-13.22321 -13.22321 -1
-9.488879 -9.488879 -1
-6.738687 -6.738687 -1
-7.798431 -7.798431 -1
-2.071817 -2.071817 -1
-4.763848 -4.763848 -1
0.7807259 0.7807259 -1
1.742264 1.742264 -1
2.238293 2.238293 -1
6.238976 6.238976 -1
8.347152 8.347152 -1
10.00792 10.00792 -1
13.11845 13.11845 -1

Orbitals: 'EmptyOrbital'
N orbitals: 15
-15.04532 14.95468 -1
-16.52073 13.47927 -1
-12.02558 -12.02558 -1
-10.30745 -10.30745 -1
-5.403294 -5.403294 -1
-9.309223 -9.309223 -1
-1.751506 -1.751506 -1
-6.707766 -6.707766 -1
-0.7311211 -0.7311211 -1
0.440387 0.440387 -1
1.896448 1.896448 -1
4.785504 4.785504 -1
6.209148 6.209148 -1
8.258411 8.258411 -1
12.05234 12.05234 -1

Orbitals: 'EmptyOrbital'
N orbitals: 2
Orbitals: 'EmptyOrbital'
N orbitals: 15
-15.54846 14.45154 -1
-12.20925 -12.20925 -1
-13.90053 -13.90053 -1
-10.61335 -10.61335 -1
-6.642254 -6.642254 -1
-8.522912 -8.522912 -1
-1.723398 -1.723398 -1
-4.543459 -4.543459 -1
0.3243032 0.3243032 -1
1.501429 1.501429 -1
3.900985 3.900985 -1
5.702973 5.702973 -1
6.351133 6.351133 -1
10.10408 10.10408 -1
12.27049 12.27049 -1

Orbitals: 'EmptyOrbital'
N orbitals: 15
-15.75007 14.24993 -1
-16.81534 13.18466 -1
-14.25203 -14.25203 -1
-13.30871 -13.30871 -1
-5.556932 -5.556932 -1
-10.32125 -10.32125 -1
-4.139676 -4.139676 -1
-7.903368 -7.903368 -1
-2.085426 -2.085426 -1
-0.1676248 -0.1676248 -1
1.223356 1.223356 -1
2.921805 2.921805 -1
5.993178 5.993178 -1
8.309426 8.309426 -1
9.772718 9.772718 -1

Orbitals: 'EmptyOrbital'
N orbitals: 2
Orbitals: 'EmptyOrbital'
N orbitals: 15
-17.57524 12.42476 -1
-13.51274 -13.51274 -1
-15.40597 14.59403 -1
-10.91156 -10.91156 -1
-8.836662 -8.836662 -1
-9.369975 -9.369975 -1
-3.381805 -3.381805 -1
-4.878837 -4.878837 -1
-0.6137914 -0.6137914 -1
0.6618039 0.6618039 -1
3.048786 3.048786 -1
4.079321 4.079321 -1
7.492883 7.492883 -1
8.344994 8.344994 -1
9.976711 9.976711 -1

Orbitals: 'EmptyOrbital'
N orbitals: 15
-15.52621 14.47379 -1
-17.30785 12.69215 -1
-13.62824 -13.62824 -1
-12.09932 -12.09932 -1
-6.535527 -6.535527 -1
-10.9533 -10.9533 -1
-3.734109 -3.734109 -1
-7.847575 -7.847575 -1
-2.314036 -2.314036 -1
-1.536332 -1.536332 -1
0.3119336 0.3119336 -1
3.166204 3.166204 -1
7.910459 7.910459 -1
8.951087 8.951087 -1
9.973134 9.973134 -1

Orbitals: 'EmptyOrbital'
N orbitals: 2
Orbitals: 'EmptyOrbital'
N orbitals: 15
-16.60881 13.39119 -1
-11.26611 -11.26611 -1
-13.36647 -13.36647 -1
-10.56451 -10.56451 -1
-6.673651 -6.673651 -1
-9.014403 -9.014403 -1
-3.180214 -3.180214 -1
-5.296089 -5.296089 -1
-1.206573 -1.206573 -1
1.491498 1.491498 -1
3.536701 3.536701 -1
5.039472 5.039472 -1
6.210172 6.210172 -1
9.376946 9.376946 -1
12.24222 12.24222 -1

Orbitals: 'EmptyOrbital'
N orbitals: 15
-16.00038 13.99962 -1
-19.6737 10.3263 -1
-14.02981 -14.02981 -1
-12.74743 -12.74743 -1
-5.695259 -5.695259 -1
-9.843286 -9.843286 -1
-4.270892 -4.270892 -1
-7.014757 -7.014757 -1
-1.04925 -1.04925 -1
1.185066 1.185066 -1
2.198139 2.198139 -1
5.184277 5.184277 -1
5.935251 5.935251 -1
6.958579 6.958579 -1
8.183159 8.183159 -1

Orbitals: 'EmptyOrbital'
N orbitals: 2
Orbitals: 'EmptyOrbital'
N orbitals: 15
-17.08396 12.91604 -1
-14.47404 -14.47404 -1
-15.44953 14.55047 -1
-13.23424 -13.23424 -1
-7.968797 -7.968797 -1
-11.7417 -11.7417 -1
-4.387077 -4.387077 -1
-5.932053 -5.932053 -1
-1.558875 -1.558875 -1
-1.009224 -1.009224 -1
3.352983 3.352983 -1
4.883901 4.883901 -1
6.1042 6.1042 -1
8.622138 8.622138 -1
11.06054 11.06054 -1

Orbitals: 'EmptyOrbital'
N orbitals: 15
-16.34096 13.65904 -1
-18.36109 11.63891 -1
-14.2052 -14.2052 -1
-11.87602 -11.87602 -1
-6.179949 -6.179949 -1
-10.30391 -10.30391 -1
-4.152486 -4.152486 -1
-7.868913 -7.868913 -1
-3.385362 -3.385362 -1
-1.941064 -1.941064 -1
1.588799 1.588799 -1
2.914985 2.914985 -1
5.428146 5.428146 -1
7.184567 7.184567 -1
8.914879 8.914879 -1

Orbitals: 'EmptyOrbital'
N orbitals: 2
Orbitals: 'EmptyOrbital'
N orbitals: 15
-18.2124 11.7876 -1
-14.7093 -14.7093 -1
-15.31642 14.68358 -1
-13.18225 -13.18225 -1
-8.869234 -8.869234 -1
-11.42403 -11.42403 -1
-5.355965 -5.355965 -1
-5.92656 -5.92656 -1
-2.989608 -2.989608 -1
-1.777525 -1.777525 -1
1.23381 1.23381 -1
5.140708 5.140708 -1
5.434105 5.434105 -1
8.78208 8.78208 -1
9.417351 9.417351 -1

Orbitals: 'EmptyOrbital'
N orbitals: 15
-17.44876 12.55124 -1
-19.38699 10.61301 -1
-15.74534 14.25466 -1
-11.90425 -11.90425 -1
-7.257034 -7.257034 -1
-9.179211 -9.179211 -1
-4.532549 -4.532549 -1
-8.245543 -8.245543 -1
-1.014932 -1.014932 -1
-0.5629956 -0.5629956 -1
0.4851187 0.4851187 -1
2.195574 2.195574 -1
5.843235 5.843235 -1
6.950793 6.950793 -1
9.580501 9.580501 -1

Orbitals: 'EmptyOrbital'
N orbitals: 2
Orbitals: 'EmptyOrbital'
N orbitals: 15
-19.03762 10.96238 -1
-13.50049 -13.50049 -1
-15.06367 14.93633 -1
-11.84155 -11.84155 -1
-8.47505 -8.47505 -1
-10.96494 -10.96494 -1
-5.151339 -5.151339 -1
-5.781058 -5.781058 -1
-1.755538 -1.755538 -1
-0.2406078 -0.2406078 -1
1.230457 1.230457 -1
3.573442 3.573442 -1
6.374334 6.374334 -1
7.304506 7.304506 -1
9.731569 9.731569 -1

Orbitals: 'EmptyOrbital'
N orbitals: 15
-15.57096 14.42904 -1
-19.84824 10.15176 -1
-14.76365 -14.76365 -1
-13.4204 -13.4204 -1
-6.499346 -6.499346 -1
-10.18553 -10.18553 -1
-5.245372 -5.245372 -1
-8.494281 -8.494281 -1
-3.676883 -3.676883 -1
-2.475936 -2.475936 -1
2.355058 2.355058 -1
3.913573 3.913573 -1
6.207676 6.207676 -1
7.261971 7.261971 -1
8.679566 8.679566 -1

Orbitals: 'EmptyOrbital'
N orbitals: 2
Orbitals: 'EmptyOrbital'
N orbitals: 15
-16.28975 13.71025 -1
-11.99841 -11.99841 -1
-14.52291 -14.52291 -1
-10.91062 -10.91062 -1
-7.991899 -7.991899 -1
-8.525175 -8.525175 -1
-2.652244 -2.652244 -1
-4.671709 -4.671709 -1
-0.6894952 -0.6894952 -1
0.5370836 0.5370836 -1
1.647562 1.647562 -1
2.866771 2.866771 -1
6.570897 6.570897 -1
8.764881 8.764881 -1
12.41048 12.41048 -1

Orbitals: 'EmptyOrbital'
N orbitals: 15
-15.66301 14.33699 -1
-17.1369 12.8631 -1
-13.19029 -13.19029 -1
-11.47033 -11.47033 -1
-6.096451 -6.096451 -1
-10.49975 -10.49975 -1
-4.785633 -4.785633 -1
-7.058448 -7.058448 -1
-2.628493 -2.628493 -1
-0.5849081 -0.5849081 -1
2.236915 2.236915 -1
4.094464 4.094464 -1
6.116953 6.116953 -1
8.995576 8.995576 -1
10.63557 10.63557 -1

Orbitals: 'EmptyOrbital'
N orbitals: 2
Orbitals: 'EmptyOrbital'
N orbitals: 15
-16.37675 13.62325 -1
-10.78183 -10.78183 -1
-13.83152 -13.83152 -1
-9.445231 -9.445231 -1
-5.894146 -5.894146 -1
-7.229509 -7.229509 -1
-1.680034 -1.680034 -1
-4.032755 -4.032755 -1
-0.3045468 -0.3045468 -1
1.118464 1.118464 -1
3.309841 3.309841 -1
6.254231 6.254231 -1
8.244787 8.244787 -1
10.12679 10.12679 -1
11.16446 11.16446 -1

Orbitals: 'EmptyOrbital'
N orbitals: 15
-15.40307 14.59693 -1
-17.41439 12.58561 -1
-13.28264 -13.28264 -1
-12.35519 -12.35519 -1
-5.454976 -5.454976 -1
-10.841 -10.841 -1
-4.367646 -4.367646 -1
-6.659938 -6.659938 -1
-2.328273 -2.328273 -1
-0.8986845 -0.8986845 -1
2.860437 2.860437 -1
4.011824 4.011824 -1
5.695458 5.695458 -1
8.974235 8.974235 -1
10.98422 10.98422 -1

Orbitals: 'EmptyOrbital'
N orbitals: 2
Orbitals: 'EmptyOrbital'
N orbitals: 15
-14.54453 -14.54453 -1
-11.92277 -11.92277 -1
-12.64377 -12.64377 -1
-9.660425 -9.660425 -1
-5.827712 -5.827712 -1
-8.8916 -8.8916 -1
-2.879689 -2.879689 -1
-5.210468 -5.210468 -1
-0.3640735 -0.3640735 -1
2.106562 2.106562 -1
5.49355 5.49355 -1
6.050174 6.050174 -1
8.64072 8.64072 -1
10.3189 10.3189 -1
11.45551 11.45551 -1

Orbitals: 'EmptyOrbital'
N orbitals: 15
-15.54334 14.45666 -1
-18.04349 11.95651 -1
-13.49101 -13.49101 -1
-12.0189 -12.0189 -1
-6.354938 -6.354938 -1
-9.626088 -9.626088 -1
-3.9868 -3.9868 -1
-7.464066 -7.464066 -1
-0.6390769 -0.6390769 -1
-0.2215889 -0.2215889 -1
2.626726 2.626726 -1
3.941359 3.941359 -1
6.255051 6.255051 -1
8.271524 8.271524 -1
11.1518 11.1518 -1

Orbitals: 'EmptyOrbital'
N orbitals: 2
Orbitals: 'EmptyOrbital'
N orbitals: 15
-16.01016 13.98984 -1
-11.34791 -11.34791 -1
-13.33351 -13.33351 -1
-10.16746 -10.16746 -1
-5.871792 -5.871792 -1
-7.375689 -7.375689 -1
-2.314138 -2.314138 -1
-3.042462 -3.042462 -1
0.7052127 0.7052127 -1
1.920132 1.920132 -1
4.005569 4.005569 -1
5.343634 5.343634 -1
6.628577 6.628577 -1
9.039751 9.039751 -1
12.26563 12.26563 -1

Orbitals: 'EmptyOrbital'
N orbitals: 15
-15.04955 14.95045 -1
-17.43324 12.56676 -1
-13.39118 -13.39118 -1
-10.37923 -10.37923 -1
-3.823884 -3.823884 -1
-9.216263 -9.216263 -1
-2.681977 -2.681977 -1
-6.325339 -6.325339 -1
-0.7609509 -0.7609509 -1
1.224683 1.224683 -1
2.716978 2.716978 -1
5.061003 5.061003 -1
5.703843 5.703843 -1
8.086599 8.086599 -1
11.68914 11.68914 -1

Orbitals: 'EmptyOrbital'
N orbitals: 2
Orbitals: 'EmptyOrbital'
N orbitals: 15
-13.25259 -13.25259 -1
-10.64838 -10.64838 -1
-12.42861 -12.42861 -1
-9.086763 -9.086763 -1
-5.474551 -5.474551 -1
-7.949432 -7.949432 -1
-1.67861 -1.67861 -1
-4.729467 -4.729467 -1
-0.07986201 -0.07986201 -1
3.880002 3.880002 -1
4.953341 4.953341 -1
7.177469 7.177469 -1
9.213623 9.213623 -1
12.29597 12.29597 -1
15.13394 -14.86606 -1

Orbitals: 'EmptyOrbital'
N orbitals: 15
-15.7777 14.2223 -1
-16.97388 13.02612 -1
-12.95019 -12.95019 -1
-11.63398 -11.63398 -1
-5.840691 -5.840691 -1
-9.687495 -9.687495 -1
-3.337222 -3.337222 -1
-7.074399 -7.074399 -1
-2.057258 -2.057258 -1
-0.7432177 -0.7432177 -1
1.176481 1.176481 -1
2.254316 2.254316 -1
6.423806 6.423806 -1
7.918705 7.918705 -1
10.19695 10.19695 -1

Orbitals: 'EmptyOrbital'
N orbitals: 2
Orbitals: 'EmptyOrbital'
N orbitals: 15
-17.18028 12.81972 -1
-12.25081 -12.25081 -1
-15.16608 14.83392 -1
-11.66991 -11.66991 -1
-7.809788 -7.809788 -1
-10.35893 -10.35893 -1
-3.888716 -3.888716 -1
-5.207769 -5.207769 -1
-1.829496 -1.829496 -1
-0.3435268 -0.3435268 -1
2.400463 2.400463 -1
3.910376 3.910376 -1
5.83996 5.83996 -1
7.134857 7.134857 -1
10.17538 10.17538 -1

Orbitals: 'EmptyOrbital'
N orbitals: 15
-15.58191 14.41809 -1
-17.23577 12.76423 -1
-15.23364 14.76636 -1
-13.72649 -13.72649 -1
-8.412916 -8.412916 -1
-11.61757 -11.61757 -1
-4.539736 -4.539736 -1
-10.2092 -10.2092 -1
-3.502188 -3.502188 -1
0.2772604 0.2772604 -1
2.013647 2.013647 -1
4.517169 4.517169 -1
5.804132 5.804132 -1
6.731246 6.731246 -1
8.886284 8.886284 -1

Orbitals: 'EmptyOrbital'
N orbitals: 2
Orbitals: 'EmptyOrbital'
N orbitals: 15
-13.06682 -13.06682 -1
-10.298 -10.298 -1
-12.50049 -12.50049 -1
-8.91657 -8.91657 -1
-5.6259 -5.6259 -1
-6.328225 -6.328225 -1
-1.797064 -1.797064 -1
-4.685818 -4.685818 -1
0.2172952 0.2172952 -1
2.861707 2.861707 -1
4.211561 4.211561 -1
6.202354 6.202354 -1
9.422764 9.422764 -1
11.50535 11.50535 -1
14.86795 14.86795 -1

Orbitals: 'EmptyOrbital'
N orbitals: 15
-14.13081 -14.13081 -1
-18.02946 11.97054 -1
-13.40728 -13.40728 -1
-10.41682 -10.41682 -1
-5.064649 -5.064649 -1
-8.628514 -8.628514 -1
-2.459784 -2.459784 -1
-7.097847 -7.097847 -1
-2.033699 -2.033699 -1
0.6403444 0.6403444 -1
2.563812 2.563812 -1
3.276954 3.276954 -1
5.319227 5.319227 -1
7.470036 7.470036 -1
10.87504 10.87504 -1

Orbitals: 'EmptyOrbital'
N orbitals: 2
Orbitals: 'EmptyOrbital'
N orbitals: 15
-15.63994 14.36006 -1
-13.10086 -13.10086 -1
-13.90474 -13.90474 -1
-11.13156 -11.13156 -1
-7.16501 -7.16501 -1
-10.45026 -10.45026 -1
-2.653596 -2.653596 -1
-4.024365 -4.024365 -1
-1.130338 -1.130338 -1
2.156454 2.156454 -1
3.882574 3.882574 -1
6.843497 6.843497 -1
8.331332 8.331332 -1
11.013 11.013 -1
13.88582 13.88582 -1

Orbitals: 'EmptyOrbital'
N orbitals: 15
-15.77734 14.22266 -1
-18.44584 11.55416 -1
-14.31377 -14.31377 -1
-11.93099 -11.93099 -1
-5.576627 -5.576627 -1
-11.09977 -11.09977 -1
-2.820366 -2.820366 -1
-7.800723 -7.800723 -1
-1.725199 -1.725199 -1
-0.1686368 -0.1686368 -1
2.0113 2.0113 -1
3.416791 3.416791 -1
5.628905 5.628905 -1
8.149714 8.149714 -1
8.529436 8.529436 -1

Orbitals: 'EmptyOrbital'
N orbitals: 2
Orbitals: 'EmptyOrbital'
N orbitals: 15
-17.11833 12.88167 -1
-13.66837 -13.66837 -1
-15.37648 14.62352 -1
-10.81664 -10.81664 -1
-7.59658 -7.59658 -1
-9.975984 -9.975984 -1
-3.168031 -3.168031 -1
-5.162783 -5.162783 -1
-1.489654 -1.489654 -1
1.434425 1.434425 -1
3.172211 3.172211 -1
5.251048 5.251048 -1
7.948829 7.948829 -1
10.18505 10.18505 -1
11.79461 11.79461 -1

Orbitals: 'EmptyOrbital'
N orbitals: 15
-18.07571 11.92429 -1
-20.34655 9.653449 -1
-17.08883 12.91117 -1
-15.30113 14.69887 -1
-8.238644 -8.238644 -1
-13.8028 -13.8028 -1
-7.08831 -7.08831 -1
-10.4868 -10.4868 -1
-4.736595 -4.736595 -1
-3.011387 -3.011387 -1
-2.038875 -2.038875 -1
1.918204 1.918204 -1
3.301364 3.301364 -1
5.218282 5.218282 -1
6.865168 6.865168 -1

Orbitals: 'EmptyOrbital'
N orbitals: 2
Orbitals: 'EmptyOrbital'
N orbitals: 15
-19.44521 10.55479 -1
-15.85984 14.14016 -1
-16.96755 13.03245 -1
-13.16942 -13.16942 -1
-8.848329 -8.848329 -1
-10.89157 -10.89157 -1
-4.381049 -4.381049 -1
-5.574416 -5.574416 -1
-1.62562 -1.62562 -1
-0.6722644 -0.6722644 -1
0.8638941 0.8638941 -1
3.036977 3.036977 -1
4.285305 4.285305 -1
6.107568 6.107568 -1
8.776416 8.776416 -1

Orbitals: 'EmptyOrbital'
N orbitals: 15
-16.64369 13.35631 -1
-18.06389 11.93611 -1
-13.13476 -13.13476 -1
-12.47384 -12.47384 -1
-7.394391 -7.394391 -1
-11.85839 -11.85839 -1
-2.797825 -2.797825 -1
-10.27061 -10.27061 -1
-0.9307639 -0.9307639 -1
0.4535076 0.4535076 -1
2.630978 2.630978 -1
4.681957 4.681957 -1
7.761146 7.761146 -1
9.070404 9.070404 -1
9.31505 9.31505 -1

Orbitals: 'EmptyOrbital'
N orbitals: 2
Orbitals: 'EmptyOrbital'
N orbitals: 15
-18.2643 11.7357 -1
-14.66995 -14.66995 -1
-16.29989 13.70011 -1
-12.79216 -12.79216 -1
-9.921638 -9.921638 -1
-11.1014 -11.1014 -1
-5.679105 -5.679105 -1
-7.218985 -7.218985 -1
-3.231357 -3.231357 -1
-1.273709 -1.273709 -1
1.328633 1.328633 -1
2.853606 2.853606 -1
4.792827 4.792827 -1
6.510167 6.510167 -1
9.41378 9.41378 -1

Orbitals: 'EmptyOrbital'
N orbitals: 15
-15.74453 14.25547 -1
-17.04015 12.95985 -1
-13.49533 -13.49533 -1
-11.3806 -11.3806 -1
-5.903774 -5.903774 -1
-10.4457 -10.4457 -1
-5.012003 -5.012003 -1
-7.220125 -7.220125 -1
-2.671481 -2.671481 -1
-0.3692728 -0.3692728 -1
0.6242495 0.6242495 -1
1.459085 1.459085 -1
5.744514 5.744514 -1
8.253497 8.253497 -1
10.29529 10.29529 -1

Orbitals: 'EmptyOrbital'
N orbitals: 2
Orbitals: 'EmptyOrbital'
N orbitals: 15
-17.71728 12.28272 -1
-14.15772 -14.15772 -1
-15.26946 14.73054 -1
-11.65527 -11.65527 -1
-8.4332 -8.4332 -1
-9.00038 -9.00038 -1
-4.213047 -4.213047 -1
-6.107172 -6.107172 -1
-2.932872 -2.932872 -1
-0.768207 -0.768207 -1
1.754471 1.754471 -1
3.808676 3.808676 -1
7.33022 7.33022 -1
8.179709 8.179709 -1
10.29548 10.29548 -1

Orbitals: 'EmptyOrbital'
N orbitals: 15
-17.50008 12.49992 -1
-20.41009 9.589911 -1
-15.22661 14.77339 -1
-13.4824 -13.4824 -1
-6.998871 -6.998871 -1
-10.1496 -10.1496 -1
-5.615175 -5.615175 -1
-9.090687 -9.090687 -1
-1.540945 -1.540945 -1
0.2635277 0.2635277 -1
1.530543 1.530543 -1
4.053068 4.053068 -1
5.045803 5.045803 -1
6.859948 6.859948 -1
8.200999 8.200999 -1

Orbitals: 'EmptyOrbital'
N orbitals: 2
Orbitals: 'EmptyOrbital'
N orbitals: 15
-17.20014 12.79986 -1
-13.76033 -13.76033 -1
-16.04308 13.95692 -1
-11.20885 -11.20885 -1
-5.61851 -5.61851 -1
-8.467542 -8.467542 -1
-3.71039 -3.71039 -1
-4.918183 -4.918183 -1
-1.421214 -1.421214 -1
-0.8637927 -0.8637927 -1
1.609064 1.609064 -1
3.639951 3.639951 -1
6.865534 6.865534 -1
8.845121 8.845121 -1
10.61143 10.61143 -1

Orbitals: 'EmptyOrbital'
N orbitals: 15
-16.10025 13.89975 -1
-17.99858 12.00142 -1
-13.11604 -13.11604 -1
-10.81489 -10.81489 -1
-5.279945 -5.279945 -1
-9.981013 -9.981013 -1
-3.377939 -3.377939 -1
-7.469733 -7.469733 -1
-0.8057317 -0.8057317 -1
-0.04075724 -0.04075724 -1
3.34568 3.34568 -1
4.414776 4.414776 -1
5.932465 5.932465 -1
8.794526 8.794526 -1
10.35065 10.35065 -1

Orbitals: 'EmptyOrbital'
N orbitals: 2
Orbitals: 'EmptyOrbital'
N orbitals: 15
-19.39059 10.60941 -1
-13.52738 -13.52738 -1
-17.18679 12.81321 -1
-11.48445 -11.48445 -1
-8.744347 -8.744347 -1
-10.68471 -10.68471 -1
-5.07409 -5.07409 -1
-7.760044 -7.760044 -1
-3.989378 -3.989378 -1
-1.295167 -1.295167 -1
1.650875 1.650875 -1
3.491951 3.491951 -1
5.034429 5.034429 -1
7.035657 7.035657 -1
8.616372 8.616372 -1

Orbitals: 'EmptyOrbital'
N orbitals: 15
-15.76319 14.23681 -1
-17.97757 12.02243 -1
-13.42229 -13.42229 -1
-12.27153 -12.27153 -1
-6.567862 -6.567862 -1
-10.61849 -10.61849 -1
-3.932312 -3.932312 -1
-7.361004 -7.361004 -1
-1.603645 -1.603645 -1
0.1964276 0.1964276 -1
2.901559 2.901559 -1
4.322996 4.322996 -1
6.427379 6.427379 -1
8.483979 8.483979 -1
10.12975 10.12975 -1

Orbitals: 'EmptyOrbital'
N orbitals: 2
Orbitals: 'EmptyOrbital'
N orbitals: 15
-16.4251 13.5749 -1
-12.65515 -12.65515 -1
-13.6053 -13.6053 -1
-10.71361 -10.71361 -1
-7.509099 -7.509099 -1
-9.652099 -9.652099 -1
-1.67257 -1.67257 -1
-3.959463 -3.959463 -1
-1.112855 -1.112855 -1
1.125042 1.125042 -1
4.997403 4.997403 -1
6.99911 6.99911 -1
8.780018 8.780018 -1
10.25637 10.25637 -1
11.20464 11.20464 -1

Orbitals: 'EmptyOrbital'
N orbitals: 15
-16.11822 13.88178 -1
-18.00665 11.99335 -1
-14.71856 -14.71856 -1
-12.24267 -12.24267 -1
-6.758894 -6.758894 -1
-9.68632 -9.68632 -1
-4.79982 -4.79982 -1
-8.941698 -8.941698 -1
-1.812622 -1.812622 -1
-0.7708966 -0.7708966 -1
0.8697886 0.8697886 -1
3.761543 3.761543 -1
5.807824 5.807824 -1
7.624871 7.624871 -1
10.39159 10.39159 -1

Orbitals: 'EmptyOrbital'
N orbitals: 2
Orbitals: 'EmptyOrbital'
N orbitals: 15
-13.99416 -13.99416 -1
-11.05681 -11.05681 -1
-13.0899 -13.0899 -1
-8.556819 -8.556819 -1
-5.749159 -5.749159 -1
-7.424365 -7.424365 -1
-1.365633 -1.365633 -1
-4.310037 -4.310037 -1
-0.186082 -0.186082 -1
2.172665 2.172665 -1
4.64014 4.64014 -1
6.812047 6.812047 -1
8.296562 8.296562 -1
11.08038 11.08038 -1
13.02122 13.02122 -1

Orbitals: 'EmptyOrbital'
N orbitals: 15
-17.45275 12.54725 -1
-19.12296 10.87704 -1
-15.75978 14.24022 -1
-13.69146 -13.69146 -1
-7.780392 -7.780392 -1
-12.01437 -12.01437 -1
-5.644957 -5.644957 -1
-8.915604 -8.915604 -1
-2.81326 -2.81326 -1
-1.688078 -1.688078 -1
-0.6973323 -0.6973323 -1
2.021522 2.021522 -1
4.022443 4.022443 -1
5.899927 5.899927 -1
9.92602 9.92602 -1


