NWalkers: 1
Orbitals: 'EmptyOrbital'
N orbitals: 2
Orbitals: 'EmptyOrbital'
N orbitals: 10
0.1878669 0.1878669 -1
0.3044827 0.3044827 -1
-0.4762833 -0.4762833 -1
0.5656716 0.5656716 -1
-0.6465827 -0.6465827 -1
0.797106 0.797106 -1
1.115675 1.115675 -1
-0.3881968 -0.3881968 -1
0.397042 0.397042 -1
-0.2249504 -0.2249504 -1

Orbitals: 'EmptyOrbital'
N orbitals: 10
-0.07769865 -0.07769865 -1
-0.540578 -0.540578 -1
0.5386591 0.5386591 -1
0.8842577 0.8842577 -1
-0.9296939 -0.9296939 -1
-0.3210953 -0.3210953 -1
0.6763649 0.6763649 -1
0.3535136 0.3535136 -1
0.02448139 0.02448139 -1
1.250897 1.250897 -1

