NWalkers: 1
Orbitals: 'EmptyOrbital'
N orbitals: 2
Orbitals: 'EmptyOrbital'
N orbitals: 10
1.056381 1.056381 -1
0.5062305 0.5062305 -1
-0.2753403 -0.2753403 -1
-1.015217 -1.015217 -1
-0.609885 -0.609885 -1
0.006249349 0.006249349 -1
1.894872 1.894872 -1
-1.730045 -1.730045 -1
-2.581622 -2.581622 -1
-3.533022 -3.533022 -1

Orbitals: 'EmptyOrbital'
N orbitals: 10
1.89009 1.89009 -1
4.563262 4.563262 -1
0.2476042 0.2476042 -1
3.760896 3.760896 -1
-1.399602 -1.399602 -1
-0.9011366 -0.9011366 -1
3.364582 3.364582 -1
2.375343 2.375343 -1
2.485204 2.485204 -1
1.515261 1.515261 -1

