NWalkers: 1
Orbitals: 'EmptyOrbital'
N orbitals: 1
Orbitals: 'EmptyOrbital'
N orbitals: 30
8.528274 8.528274 -1
13.53824 13.53824 -1
29.56735 29.56735 1
19.76667 19.76667 1
24.07754 24.07754 -1
-28.6056 -28.6056 -1
38.35149 38.35149 -1
1.062536 1.062536 -1
57.04791 -42.95209 -1
13.80429 13.80429 1
40.80112 40.80112 1
2.040792 2.040792 -1
65.87519 -34.12481 -1
-3.302968 -3.302968 1
-8.336918 -8.336918 1
32.93762 32.93762 1
-17.0885 -17.0885 1
27.22067 27.22067 -1
59.6859 -40.3141 -1
61.16771 -38.83229 1
-20.61189 -20.61189 1
-23.07574 -23.07574 -1
-22.32014 -22.32014 -1
50.22994 -49.77006 1
-53.72884 46.27116 1
-31.32601 -31.32601 1
-11.59467 -11.59467 -1
31.77931 31.77931 1
5.866889 5.866889 1
-46.48084 -46.48084 1


